  0.50000000000000000        6.3748052540753337E-020   1.5686753714722695E+019
  0.55000000000000004        5.2684340942771342E-020   1.8980971994814464E+019
  0.60000000000000009        4.4269480931078691E-020   2.2588925349200691E+019
  0.65000000000000013        3.7720741148374739E-020   2.6510613777881367E+019
  0.70000000000000018        3.2524516602425153E-020   3.0746037280856502E+019
  0.75000000000000022        2.8332467795890354E-020   3.5295195858126090E+019
  0.80000000000000027        2.4901583023731754E-020   4.0158089509690130E+019
  0.85000000000000031        5.2936405686931302E-004   1889.0591210783232     
  0.90000000000000036        1.9675324858257185E-020   5.0825082035701580E+019
  0.95000000000000040        1.7658740315998137E-020   5.6629180910148985E+019
   1.0000000000000004        3.8246553108807859E-004   2614.6147004544273     
   1.0500000000000005        1.4455340712188950E-020   6.9178583881927164E+019
   1.1000000000000005        1.2592864183863307E-003   794.10052026243216     
   1.1500000000000006        1.1521637551965671E-003   867.93218020418726     
   1.2000000000000006        4.1986730533186724E-003   238.17048560368141     
   1.2500000000000007        1.5229350027957191E-002   65.662684104328534     
   1.3000000000000007        1.4080390188569889E-002   71.020759127241746     
   1.3500000000000008        9.3201914467707134E-002   10.729393336083056     
   1.4000000000000008       0.14122091827337754        7.0811039343632167     
   1.4500000000000008       0.16174779636120754        6.1824644446274082     
   1.5000000000000009       0.22570840741127765        4.4304951307278353     
   1.5500000000000009       0.25519685210990578        3.9185436330120931     
   1.6000000000000010       0.65927173243268833        1.5168252342778856     
   1.6500000000000010       0.84971505102521172        1.1768651135383139     
   1.7000000000000011        1.1643292560348606       0.85886358589452083     
   1.7500000000000011        1.5173389618179352       0.65904852189512919     
   1.8000000000000012        2.2127519837625833       0.45192593084905569     
   1.8500000000000012        3.6209886922763364       0.27616766717140712     
   1.9000000000000012        7.1037620240279136       0.14077048141781481     
   1.9500000000000013        7.9432145007352730       0.12589361648328065     
   2.0000000000000013        9.2282918228532473       0.10836241627335266     
   2.0500000000000012        20.747661833438698        4.8198202189140893E-002
   2.1000000000000010        16.196218315521726        6.1742808136986217E-002
   2.1500000000000008        17.468397305539536        5.7246236303709577E-002
   2.2000000000000006        24.477008732763220        4.0854665327690533E-002
   2.2500000000000004        23.425142234128980        4.2689175160826216E-002
   2.3000000000000003        38.263991206667214        2.6134231387387460E-002
   2.3500000000000001        55.442466362173001        1.8036715637208284E-002
   2.3999999999999999        48.376876999735288        2.0671032568007064E-002
   2.4499999999999997        86.357944216791012        1.1579710576361368E-002
   2.4999999999999996        78.768561267364817        1.2695420405175248E-002
   2.5499999999999994        100.40971592718749        9.9591955894502687E-003
   2.5999999999999992        117.84216201501820        8.4859271325364565E-003
   2.6499999999999990        145.63438854818449        6.8665101008690728E-003
   2.6999999999999988        162.99037437673178        6.1353316343002295E-003
   2.7499999999999987        168.88991719007007        5.9210165807269122E-003
   2.7999999999999985        239.93983594866717        4.1677114433550768E-003
   2.8499999999999983        276.15973684673395        3.6210926741829515E-003
   2.8999999999999981        246.26153303855824        4.0607235229199422E-003
   2.9499999999999980        303.09783087205540        3.2992647856398653E-003
   2.9999999999999978        422.52787595796730        2.3667077532642583E-003
   3.0499999999999976        428.06582667360448        2.3360893061021878E-003
   3.0999999999999974        623.82406724227940        1.6030160625585838E-003
   3.1499999999999972        580.50392511794519        1.7226412376054525E-003
   3.1999999999999971        832.07428036234774        1.2018157796735705E-003
   3.2499999999999969        948.85037416404452        1.0539069459513247E-003
   3.2999999999999967        802.86006975769226        1.2455470606500653E-003
   3.3499999999999965        1168.3619843881797        8.5589912489634492E-004
   3.3999999999999964        1116.7641688359397        8.9544420201299174E-004
   3.4499999999999962        1366.5104874707899        7.3179094428382546E-004
   3.4999999999999960        1225.9601690339443        8.1568718565138960E-004
   3.5499999999999958        2015.8977659480220        4.9605690173962127E-004
   3.5999999999999956        1956.1194971892346        5.1121621221858319E-004
   3.6499999999999955        2471.1461074480039        4.0467052797323977E-004
   3.6999999999999953        1995.2694327131233        5.0118544573713136E-004
   3.7499999999999951        2638.7157913133133        3.7897222705530207E-004
   3.7999999999999949        2787.8525779339539        3.5869902444450228E-004
   3.8499999999999948        3885.7615933814814        2.5734980800244526E-004
   3.8999999999999946        3788.1650238473030        2.6398005200533442E-004
   3.9499999999999944        5352.7335170429087        1.8682043423533723E-004
   3.9999999999999942        3354.7084338948653        2.9808849851043102E-004
   4.0499999999999945        7542.2236753215820        1.3258689254629701E-004
   4.0999999999999943        5869.8098856077177        1.7036326891130090E-004
   4.1499999999999941        5372.3767276533290        1.8613735608909973E-004
   4.1999999999999940        7883.9323994653987        1.2684025551358216E-004
   4.2499999999999938        9604.7156346373904        1.0411552387805319E-004
   4.2999999999999936        10817.408415135962        9.2443583677655859E-005
   4.3499999999999934        7049.4465990068402        1.4185510677403881E-004
   4.3999999999999932        7514.2721725416623        1.3308008773679479E-004
   4.4499999999999931        6548.6756659216644        1.5270263042707269E-004
   4.4999999999999929        4969.5542167972153        2.0122529232500884E-004
   4.5499999999999927        6325.5895917103162        1.5808803045181744E-004
   4.5999999999999925        5266.8717962582032        1.8986602269499707E-004
   4.6499999999999924        3728.3595976153842        2.6821447175846141E-004
   4.6999999999999922        4432.9972456083060        2.2558101090423252E-004
   4.7499999999999920        2038.1568901078583        4.9063936385539022E-004
   4.7999999999999918        2074.5226386195186        4.8203860559721117E-004
   4.8499999999999917        1306.0487979917964        7.6566817529147269E-004
   4.8999999999999915        1386.3789749115545        7.2130349500128276E-004
   4.9499999999999913        1071.2071704807295        9.3352623802100433E-004
   4.9999999999999911        1095.9071132339918        9.1248609295821383E-004
   5.0499999999999909        993.42712949585530        1.0066163589748957E-003
   5.0999999999999908        791.33281927344410        1.2636907956353207E-003
   5.1499999999999906        531.64672757997300        1.8809482841208214E-003
   5.1999999999999904        575.96145987310069        1.7362272819787734E-003
   5.2499999999999902        467.11321837409093        2.1408086105564731E-003
   5.2999999999999901        366.41852587206051        2.7291196525067681E-003
   5.3499999999999899        423.55660689537689        2.3609595121886766E-003
   5.3999999999999897        332.27756621749694        3.0095320950600558E-003
   5.4499999999999895        402.20369447451441        2.4863023729966380E-003
   5.4999999999999893        330.56345049167544        3.0251378321245557E-003
   5.5499999999999892        218.77292782993052        4.5709494767898293E-003
   5.5999999999999890        344.96944822373985        2.8988074310610291E-003
   5.6499999999999888        297.83246788372952        3.3575922971245328E-003
   5.6999999999999886        201.21873372766171        4.9697161962734739E-003
   5.7499999999999885        137.27332466007761        7.2847365099974453E-003
   5.7999999999999883        164.09052250742391        6.0941971828675067E-003
   5.8499999999999881        148.52332294688028        6.7329492779908537E-003
   5.8999999999999879        245.85334906610311        4.0674654374186613E-003
   5.9499999999999877        213.62333220928173        4.6811366045930022E-003
   5.9999999999999876        152.31945333385332        6.5651496122967499E-003
   6.0499999999999874        146.62120042879835        6.8202960900297389E-003
   6.0999999999999872        167.66114134185659        5.9644112642715866E-003
   6.1499999999999870        131.73570249440843        7.5909565976804609E-003
   6.1999999999999869        150.95677245565227        6.6244129609605799E-003
   6.2499999999999867        140.29048816908940        7.1280670061873294E-003
   6.2999999999999865        138.20775705489945        7.2354838925775778E-003
   6.3499999999999863        91.214582219155474        1.0963159350961709E-002
   6.3999999999999861        98.948569625292393        1.0106260290440707E-002
   6.4499999999999860        89.332305913265742        1.1194158594438579E-002
   6.4999999999999858        121.86625251794860        8.2057171640091166E-003
   6.5499999999999856        105.75987019490132        9.4553822556432184E-003
   6.5999999999999854        100.94428378242745        9.9064549524703425E-003
   6.6499999999999853        68.956215367690120        1.4501955982760568E-002
   6.6999999999999851        92.634906022435089        1.0795066815934500E-002
   6.7499999999999849        105.27773800110890        9.4986843276350305E-003
   6.7999999999999847        85.792263073721813        1.1656062728415195E-002
   6.8499999999999845        83.810833819494405        1.1931631680860331E-002
   6.8999999999999844        83.156454090593598        1.2025524788617905E-002
   6.9499999999999842        66.001094006036780        1.5151264006450183E-002
   6.9999999999999840        81.342648618697709        1.2293673945725643E-002
   7.0499999999999838        65.261666669009401        1.5322930765341100E-002
   7.0999999999999837        75.025669449076418        1.3328771437071266E-002
   7.1499999999999835        51.334834914824285        1.9479949661067746E-002
   7.1999999999999833        55.193983006374793        1.8117916945484838E-002
   7.2499999999999831        53.482106204584881        1.8697842530260571E-002
   7.2999999999999829        52.247861433536201        1.9139539352669706E-002
   7.3499999999999828        67.624331428713987        1.4787576880581028E-002
   7.3999999999999826        63.725740836232838        1.5692245972783191E-002
   7.4499999999999824        67.711934737594362        1.4768445236062494E-002
   7.4999999999999822        68.063089333657643        1.4692251112755374E-002
   7.5499999999999821        50.157198343909222        1.9937317733406332E-002
   7.5999999999999819        35.129601515754018        2.8466021726763560E-002
   7.6499999999999817        53.501963595387764        1.8690902778121715E-002
   7.6999999999999815        53.077564986273622        1.8840351855979261E-002
   7.7499999999999813        61.787010195454748        1.6184631637566487E-002
   7.7999999999999812        47.679054835220249        2.0973570123317662E-002
   7.8499999999999810        49.045844686621002        2.0389087116136170E-002
   7.8999999999999808        52.691325633514509        1.8978455902881032E-002
   7.9499999999999806        63.614390210041670        1.5719713679533908E-002
   7.9999999999999805        31.656379614704882        3.1589209258012702E-002
