  0.50000000000000000        0.0000000000000000                       Infinity
  0.55000000000000004        0.0000000000000000                       Infinity
  0.60000000000000009        0.0000000000000000                       Infinity
  0.65000000000000013        0.0000000000000000                       Infinity
  0.70000000000000018        0.0000000000000000                       Infinity
  0.75000000000000022        0.0000000000000000                       Infinity
  0.80000000000000027        1.4405563819425911E-004   6941.7623116666873     
  0.85000000000000031        6.8360784850661569E-004   1462.8269733657430     
  0.90000000000000036        6.0976142879490920E-004   1639.9856612385793     
  0.95000000000000040        4.0370500691697987E-004   2477.0562238918319     
   1.0000000000000004        3.4637964243515642E-003   288.70056940116041     
   1.0500000000000005        1.6042000632177266E-002   62.336364580000463     
   1.1000000000000005        9.3263430129568350E-002   10.722316331392992     
   1.1500000000000006       0.12343959579178602        8.1011282772407007     
   1.2000000000000006       0.24310654437549004        4.1134227898671902     
   1.2500000000000007       0.38973389100509909        2.5658533247418212     
   1.3000000000000007       0.79575604693812263        1.2566665422748076     
   1.3500000000000008        2.1689419437305983       0.46105429557048982     
   1.4000000000000008        3.1495036433215469       0.31751034869271477     
   1.4500000000000008        5.7610497712628232       0.17357947591221726     
   1.5000000000000009        7.2308656554825719       0.13829602811688005     
   1.5500000000000009        14.692690450764132        6.8061054124228984E-002
   1.6000000000000010        20.654045564145886        4.8416664759176123E-002
   1.6500000000000010        25.777231114163484        3.8793926142460772E-002
   1.7000000000000011        49.523770513823521        2.0192323597834114E-002
   1.7500000000000011        71.363397615739288        1.4012785733445079E-002
   1.8000000000000012        98.500227514647023        1.0152260814334664E-002
   1.8500000000000012        154.20349357311784        6.4849373826010980E-003
   1.9000000000000012        160.77589556566954        6.2198378462245676E-003
   1.9500000000000013        241.84168997364415        4.1349363714295075E-003
   2.0000000000000013        386.34906465312412        2.5883329131334387E-003
   2.0500000000000012        608.04518838386730        1.6446146094140066E-003
   2.1000000000000010        565.99192750671443        1.7668096511643920E-003
   2.1500000000000008        725.84435228692189        1.3777058357611991E-003
   2.2000000000000006        915.73070009124808        1.0920241069785636E-003
   2.2500000000000004        1057.4273821479194        9.4569141756924342E-004
   2.3000000000000003        1392.5365692597618        7.1811399576499123E-004
   2.3500000000000001        1711.9827658759307        5.8411802965104801E-004
   2.3999999999999999        1765.0518389592339        5.6655559793056948E-004
   2.4499999999999997        2734.3425608728603        3.6571862439970898E-004
   2.4999999999999996        3034.0891307748748        3.2958820815676251E-004
   2.5499999999999994        3939.4726459845497        2.5384108226244093E-004
   2.5999999999999992        3938.4640653347205        2.5390608709667441E-004
   2.6499999999999990        5850.3915762946035        1.7092872963442879E-004
   2.6999999999999988        4328.5711379232835        2.3102311782261005E-004
   2.7499999999999987        8483.3914619944062        1.1787738482657555E-004
   2.7999999999999985        9855.7305723933932        1.0146381261690245E-004
   2.8499999999999983        9684.4092590949276        1.0325875055939722E-004
   2.8999999999999981        12197.750748339044        8.1982327777616629E-005
   2.9499999999999980        17928.803297952454        5.5776171079650605E-005
   2.9999999999999978        22490.271924992740        4.4463668706856813E-005
   3.0499999999999976        18246.632531903069        5.4804633033057687E-005
   3.0999999999999974        19038.744864267464        5.2524470868709028E-005
   3.1499999999999972        19477.458341939804        5.1341401041364399E-005
   3.1999999999999971        34231.114816257075        2.9213188216852317E-005
   3.2499999999999969        33205.539808240108        3.0115456811572309E-005
   3.2999999999999967        36343.533175637982        2.7515211445383799E-005
   3.3499999999999965        34752.687859908881        2.8774752733690333E-005
   3.3999999999999964        48454.787697449086        2.0637795510404128E-005
   3.4499999999999962        83469.459060274428        1.1980429863309482E-005
   3.4999999999999960        66313.267086518434        1.5079938659865866E-005
   3.5499999999999958        65202.887047188298        1.5336744203922828E-005
   3.5999999999999956        81124.912384904746        1.2326669707270761E-005
   3.6499999999999955        82376.068221055044        1.2139448041104775E-005
   3.6999999999999953        101747.11269252311        9.8282887203096534E-006
   3.7499999999999951        115653.17531391744        8.6465416732891237E-006
   3.7999999999999949        198022.18898672823        5.0499391260997605E-006
   3.8499999999999948        164669.35774881943        6.0727752489650396E-006
   3.8999999999999946        168146.16485704688        5.9472067106030743E-006
   3.9499999999999944        235157.77587156298        4.2524641011495780E-006
   3.9999999999999942        244248.04071849390        4.0941986558350411E-006
   4.0499999999999945        254143.90079458713        3.9347786701686543E-006
   4.0999999999999943        326748.18755369156        3.0604607403849151E-006
   4.1499999999999941        535714.19245332817        1.8666669916293487E-006
   4.1999999999999940        422900.46493543650        2.3646226072432159E-006
   4.2499999999999938        632985.83105955517        1.5798141931962357E-006
   4.2999999999999936        685869.38468891731        1.4580035533348083E-006
   4.3499999999999934        1228295.5470592717        8.1413630652179247E-007
   4.3999999999999932        682565.60755834100        1.4650606314273268E-006
   4.4499999999999931        1763910.1074014881        5.6692231412696778E-007
   4.4999999999999929        1733879.7539721236        5.7674126346369314E-007
   4.5499999999999927        1383703.6242054077        7.2269811432650570E-007
   4.5999999999999925        751339.08864937373        1.3309569741641226E-006
   4.6499999999999924        805991.29654082877        1.2407081866663103E-006
   4.6999999999999922        663761.36646531534        1.5065655377402184E-006
   4.7499999999999920        356813.67916088260        2.8025831362510998E-006
   4.7999999999999918        427310.74601867027        2.3402172992773451E-006
   4.8499999999999917        441178.84709797520        2.2666544567535080E-006
   4.8999999999999915        303453.39643010154        3.2953989369182868E-006
   4.9499999999999913        288717.66074019216        3.4635913765589429E-006
   4.9999999999999911        200494.83282427656        4.9876597112926530E-006
   5.0499999999999909        145295.52178942744        6.8825245794517388E-006
   5.0999999999999908        134311.08404305702        7.4454018975784840E-006
   5.1499999999999906        148536.99014442734        6.7323297653174978E-006
   5.1999999999999904        129290.10734280877        7.7345438143115660E-006
   5.2499999999999902        123028.34020636877        8.1282084950718804E-006
   5.2999999999999901        90290.105867423030        1.1075410648740898E-005
   5.3499999999999899        107870.90247907695        9.2703405368650160E-006
   5.3999999999999897        87130.828340442502        1.1476994067963448E-005
   5.4499999999999895        76248.204860882237        1.3115062863768901E-005
   5.4999999999999893        75625.261353242473        1.3223094798033706E-005
   5.5499999999999892        67270.294218342649        1.4865402502243392E-005
   5.5999999999999890        54892.478907242206        1.8217431967133580E-005
   5.6499999999999888        49741.052949412137        2.0104118041429973E-005
   5.6999999999999886        54021.039992459264        1.8511305967815296E-005
   5.7499999999999885        35923.670859799757        2.7836798858967559E-005
   5.7999999999999883        47543.500406820960        2.1033369260638878E-005
   5.8499999999999881        25288.155474184630        3.9544204836167206E-005
   5.8999999999999879        28835.432080789105        3.4679556637066150E-005
   5.9499999999999877        31157.354396686151        3.2095151188650294E-005
   5.9999999999999876        20370.455525861405        4.9090703874071224E-005
   6.0499999999999874        29109.150198610394        3.4353459073076538E-005
   6.0999999999999872        24062.119313328421        4.1559099054341518E-005
   6.1499999999999870        28530.113281020098        3.5050684522351987E-005
   6.1999999999999869        19351.359864346923        5.1675954920481158E-005
   6.2499999999999867        19575.621780770558        5.1083945695268581E-005
   6.2999999999999865        12179.684012021815        8.2103936277243462E-005
   6.3499999999999863        14811.449130262889        6.7515338384870857E-005
   6.3999999999999861        16742.788463016153        5.9727207460629506E-005
   6.4499999999999860        16582.105501573453        6.0305972598299498E-005
   6.4999999999999858        15437.991089212112        6.4775267340242760E-005
   6.5499999999999856        13868.448780231427        7.2106117695400440E-005
   6.5999999999999854        13695.287651882307        7.3017816450358244E-005
   6.6499999999999853        13904.648791151852        7.1918393266886719E-005
   6.6999999999999851        11568.390997062652        8.6442444783713790E-005
   6.7499999999999849        15539.586385799386        6.4351777143427364E-005
   6.7999999999999847        16971.240570302052        5.8923211644875180E-005
   6.8499999999999845        8750.2680772163385        1.1428221297628209E-004
   6.8999999999999844        14113.915290940091        7.0852061910978967E-005
   6.9499999999999842        10446.314748207431        9.5727538764002704E-005
   6.9999999999999840        10842.857802853585        9.2226608351981117E-005
   7.0499999999999838        9442.5723231303036        1.0590334559052552E-004
   7.0999999999999837        11371.352642347651        8.7940285685621564E-005
   7.1499999999999835        13968.818186486287        7.1588017443552943E-005
   7.1999999999999833        10078.949885220636        9.9216685407510513E-005
   7.2499999999999831        13914.470064964778        7.1867630986385776E-005
   7.2999999999999829        9439.1372100108547        1.0594188618631703E-004
   7.3499999999999828        15300.882443802539        6.5355707664105307E-005
   7.3999999999999826        10925.073632094460        9.1532563868705814E-005
   7.4499999999999824        14060.738179907401        7.1120021381877805E-005
   7.4999999999999822        10726.791919252681        9.3224517407220151E-005
   7.5499999999999821        8465.4489422447114        1.1812722595369390E-004
   7.5999999999999819        12351.905074444143        8.0959171396886872E-005
   7.6499999999999817        13013.213150984999        7.6844971983288220E-005
   7.6999999999999815        12441.195810114370        8.0378125645046581E-005
   7.7499999999999813        19988.751271655590        5.0028137646498111E-005
   7.7999999999999812        25079.186828533919        3.9873701122647525E-005
   7.8499999999999810        22415.451773999284        4.4612083221982886E-005
   7.8999999999999808        18803.655132096832        5.3181149780451650E-005
   7.9499999999999806        26379.509953129735        3.7908209886262779E-005
   7.9999999999999805        16580.897465376438        6.0310366316911358E-005
