  0.50000000000000000        1.7281166189882236E-017   57866465087609608.     
  0.55000000000000004        1.4281955528828291E-017   70018422756007648.     
  0.60000000000000009        1.2000809854084882E-017   83327709726157872.     
  0.65000000000000013        1.0225542124190668E-017   97794325998060288.     
  0.70000000000000018        8.8169215254501157E-018   1.1341827157171490E+017
  0.75000000000000022        7.6805183066143216E-018   1.3019954644712171E+017
  0.80000000000000027        6.7504555429227436E-018   1.4813815062428070E+017
  0.85000000000000031        5.9796422802360631E-018   1.6723408410319190E+017
  0.90000000000000036        5.3336932684821669E-018   1.8748734688385530E+017
  0.95000000000000040        7.1227309984918895E-004   1403.9558705947650     
   1.0000000000000004        6.4282647365744008E-004   1555.6297709868377     
   1.0500000000000005        3.6003675818410564E-003   277.74941787711788     
   1.1000000000000005        3.2805002086761588E-003   304.83156116107932     
   1.1500000000000006        1.9286911885852444E-003   518.48632166642051     
   1.2000000000000006        1.3020138828131312E-002   76.804096576865987     
   1.2500000000000007        1.6622625384892464E-002   60.158968685467329     
   1.3000000000000007        5.4069897162766105E-002   18.494579284841421     
   1.3500000000000008       0.19293827917238288        5.1830046597779527     
   1.4000000000000008       0.18316118851854407        5.4596719320739471     
   1.4500000000000008       0.41954316315148249        2.3835449789916723     
   1.5000000000000009       0.50769605703773935        1.9696824234458561     
   1.5500000000000009       0.86276909206618502        1.1590586742104660     
   1.6000000000000010        1.6448399989357620       0.60796186902496052     
   1.6500000000000010        1.8282381973968684       0.54697467836731950     
   1.7000000000000011        2.7670229578372854       0.36139924215937963     
   1.7500000000000011        3.9946625732655781       0.25033403489259287     
   1.8000000000000012        6.0065510453177824       0.16648489165500699     
   1.8500000000000012        10.307576815009078        9.7016012390407719E-002
   1.9000000000000012        11.408466644126415        8.7654198517102586E-002
   1.9500000000000013        12.008518208635444        8.3274221067582685E-002
   2.0000000000000013        27.358318595663217        3.6551953896703210E-002
   2.0500000000000012        33.467597108362767        2.9879647372416929E-002
   2.1000000000000010        42.646456110438521        2.3448607251452980E-002
   2.1500000000000008        43.669485052018786        2.2899285366172899E-002
   2.2000000000000006        68.772970677231172        1.4540596256823793E-002
   2.2500000000000004        77.322703751646245        1.2932812117019504E-002
   2.3000000000000003        89.774546865018976        1.1139014731018979E-002
   2.3500000000000001        86.261854411229336        1.1592609581899073E-002
   2.3999999999999999        138.94513763393005        7.1970852455063000E-003
   2.4499999999999997        159.57434367129321        6.2666715525391574E-003
   2.4999999999999996        202.40789212197316        4.9405188182948387E-003
   2.5499999999999994        242.53099997752838        4.1231842531167344E-003
   2.5999999999999992        255.59061455590142        3.9125067316635965E-003
   2.6499999999999990        270.76203672837244        3.6932799445706511E-003
   2.6999999999999988        403.80188725062516        2.4764619274286262E-003
   2.7499999999999987        420.35395813101957        2.3789475052077690E-003
   2.7999999999999985        574.47151439323181        1.7407303494520869E-003
   2.8499999999999983        803.47374168202737        1.2445957448547801E-003
   2.8999999999999981        777.61096043499947        1.2859901041525894E-003
   2.9499999999999980        975.09164247720230        1.0255446323583683E-003
   2.9999999999999978        948.51175334295192        1.0542831930923176E-003
   3.0499999999999976        1094.4101513965545        9.1373421447518591E-004
   3.0999999999999974        1477.0988639028947        6.7700275481745995E-004
   3.1499999999999972        1648.9298728067338        6.0645392899447278E-004
   3.1999999999999971        1721.8568905403688        5.8076835856327809E-004
   3.2499999999999969        1767.4840759191961        5.6577596009171449E-004
   3.2999999999999967        3026.7214471457182        3.3039049594174829E-004
   3.3499999999999965        2667.3308634506625        3.7490662058561560E-004
   3.3999999999999964        2584.1014640883800        3.8698170868951549E-004
   3.4499999999999962        3369.8662329749309        2.9674768399254715E-004
   3.4999999999999960        3119.4431597802222        3.2057003406673842E-004
   3.5499999999999958        3722.1805441165893        2.6865972462852063E-004
   3.5999999999999956        5376.1427146795859        1.8600696690389092E-004
   3.6499999999999955        4140.5079531505116        2.4151626112421792E-004
   3.6999999999999953        6424.7630290336610        1.5564776404685676E-004
   3.7499999999999951        5006.9462508372490        1.9972253543420454E-004
   3.7999999999999949        7701.2956391946191        1.2984828097114545E-004
   3.8499999999999948        8250.5480741769643        1.2120406923388000E-004
   3.8999999999999946        9265.1654389343566        1.0793115423473929E-004
   3.9499999999999944        11146.197554345550        8.9716694426444251E-005
   3.9999999999999942        10162.188454278074        9.8404000722799074E-005
   4.0499999999999945        14400.379333823901        6.9442615143559439E-005
   4.0999999999999943        15714.865350805101        6.3634016434558136E-005
   4.1499999999999941        14840.037257241982        6.7385275566744085E-005
   4.1999999999999940        21456.091458633586        4.6606811027439767E-005
   4.2499999999999938        27365.171407023634        3.6542800522833077E-005
   4.2999999999999936        32813.104016405057        3.0475629477176115E-005
   4.3499999999999934        33098.134338100092        3.0213183310724405E-005
   4.3999999999999932        29542.847195591992        3.3849140991028355E-005
   4.4499999999999931        23621.342792016963        4.2334595827378563E-005
   4.4999999999999929        20876.197170146992        4.7901444494402563E-005
   4.5499999999999927        13806.211250121005        7.2431167529124658E-005
   4.5999999999999925        20946.755019127238        4.7740091440744110E-005
   4.6499999999999924        9987.2774499654461        1.0012738756981862E-004
   4.6999999999999922        4860.7838299365603        2.0572813665179003E-004
   4.7499999999999920        5091.0740208438483        1.9642220794783286E-004
   4.7999999999999918        3687.7027836577909        2.7117152836490560E-004
   4.8499999999999917        4109.6999505211224        2.4332676644025971E-004
   4.8999999999999915        2789.2119704393449        3.5852420346614398E-004
   4.9499999999999913        3055.5555684192559        3.2727272589492927E-004
   4.9999999999999911        1339.9523927627788        7.4629517093376097E-004
   5.0499999999999909        1586.2503894105371        6.3041749693225151E-004
   5.0999999999999908        1245.7941418522284        8.0270083668335015E-004
   5.1499999999999906        1188.8159414458894        8.4117310774261384E-004
   5.1999999999999904        1328.3195372769785        7.5283090546870578E-004
   5.2499999999999902        1362.4066244041753        7.3399525669315684E-004
   5.2999999999999901        850.49116075813538        1.1757911735479898E-003
   5.3499999999999899        662.10771773662020        1.5103282641357005E-003
   5.3999999999999897        1062.7528047275828        9.4095258610616577E-004
   5.4499999999999895        822.92154366575016        1.2151826716620443E-003
   5.4999999999999893        850.49836601869924        1.1757812124685654E-003
   5.5499999999999892        588.49806850961488        1.6992409211002567E-003
   5.5999999999999890        463.45518850619635        2.1577059115967371E-003
   5.6499999999999888        438.82359485127461        2.2788200355063370E-003
   5.6999999999999886        576.15838742725339        1.7356338496873163E-003
   5.7499999999999885        442.75929889425538        2.2585635185921435E-003
   5.7999999999999883        395.23350918812145        2.5301498399115359E-003
   5.8499999999999881        543.99227943725271        1.8382613831109452E-003
   5.8999999999999879        316.36756670477359        3.1608802710588069E-003
   5.9499999999999877        401.01581093765060        2.4936672637964358E-003
   5.9999999999999876        441.63684716979924        2.2643038197750808E-003
   6.0499999999999874        354.64303729332750        2.8197367348083411E-003
   6.0999999999999872        289.27417242214563        3.4569280472806019E-003
   6.1499999999999870        314.39246931409008        3.1807377644308709E-003
   6.1999999999999869        365.03591167709175        2.7394564973229076E-003
   6.2499999999999867        344.71111221810384        2.9009798772233523E-003
   6.2999999999999865        303.85856712595717        3.2910047903486439E-003
   6.3499999999999863        245.84049371395449        4.0676781310223899E-003
   6.3999999999999861        289.01288181378823        3.4600533849017245E-003
   6.4499999999999860        314.37631480508406        3.1809012094947686E-003
   6.4999999999999858        211.84483656221494        4.7204360334093783E-003
   6.5499999999999856        250.42676391045907        3.9931834137247142E-003
   6.5999999999999854        199.73748317011521        5.0065715464548332E-003
   6.6499999999999853        228.37516529647496        4.3787598301321742E-003
   6.6999999999999851        210.03365030362949        4.7611418387214473E-003
   6.7499999999999849        257.29429849002173        3.8865999202807111E-003
   6.7999999999999847        255.01331710072344        3.9213638384423145E-003
   6.8499999999999845        263.94090889831193        3.7887268183397381E-003
   6.8999999999999844        239.31787423991886        4.1785428822482713E-003
   6.9499999999999842        207.50261438767026        4.8192163889161080E-003
   6.9999999999999840        197.41795932878151        5.0653952831849090E-003
   7.0499999999999838        169.61702786824864        5.8956344924093228E-003
   7.0999999999999837        181.79855264049976        5.5005938467368592E-003
   7.1499999999999835        121.00371901722168        8.2642088038440906E-003
   7.1999999999999833        191.15602854475355        5.2313286042447752E-003
   7.2499999999999831        194.24034814718368        5.1482609537039136E-003
   7.2999999999999829        132.08569533775346        7.5708425310017239E-003
   7.3499999999999828        119.94826804456443        8.3369273796306057E-003
   7.3999999999999826        131.60035075365872        7.5987639415330223E-003
   7.4499999999999824        188.58828459453741        5.3025563181190614E-003
   7.4999999999999822        135.25906671510268        7.3932197248285656E-003
   7.5499999999999821        146.38551107638699        6.8312771711278126E-003
   7.5999999999999819        149.20906828089815        6.7020055250088355E-003
   7.6499999999999817        161.83818807326486        6.1790113440178627E-003
   7.6999999999999815        164.58454494793708        6.0759046380468428E-003
   7.7499999999999813        169.70225452707217        5.8926736288024539E-003
   7.7999999999999812        96.016537103388387        1.0414872585159191E-002
   7.8499999999999810        152.67203587652443        6.5499879808294656E-003
   7.8999999999999808        115.57365405134371        8.6524909868796653E-003
   7.9499999999999806        107.71435127291863        9.2838139781975214E-003
   7.9999999999999805        115.84575442520747        8.6321678766883223E-003
