  0.50000000000000000        0.0000000000000000                       Infinity
  0.55000000000000004        0.0000000000000000                       Infinity
  0.60000000000000009        0.0000000000000000                       Infinity
  0.65000000000000013        0.0000000000000000                       Infinity
  0.70000000000000018        0.0000000000000000                       Infinity
  0.75000000000000022        0.0000000000000000                       Infinity
  0.80000000000000027        0.0000000000000000                       Infinity
  0.85000000000000031        0.0000000000000000                       Infinity
  0.90000000000000036        1.0199080825235466E-004   9804.8051303379398     
  0.95000000000000040        9.1537456714024673E-005   10924.489666827149     
   1.0000000000000004        3.2912709819681355E-004   3038.3399163383792     
   1.0500000000000005        2.6437644860605944E-003   378.24851845637517     
   1.1000000000000005        1.0990165248601219E-002   90.990442580221952     
   1.1500000000000006        1.3277468495043594E-002   75.315561876369316     
   1.2000000000000006        1.5533687978906870E-002   64.376212613379124     
   1.2500000000000007        3.9615281747570071E-002   25.242783993612218     
   1.3000000000000007        6.9526656558946659E-002   14.382972653836328     
   1.3500000000000008       0.23252102103310532        4.3006864306587769     
   1.4000000000000008       0.18950244067080782        5.2769768899026452     
   1.4500000000000008       0.87029329193990312        1.1490379269395237     
   1.5000000000000009        1.0347761038884864       0.96639262951878713     
   1.5500000000000009        1.8138181889555098       0.55132317345204906     
   1.6000000000000010        2.7292307362380672       0.36640361209561406     
   1.6500000000000010        3.7506048246062971       0.26662366385266156     
   1.7000000000000011        8.8687644200757294       0.11275527825909498     
   1.7500000000000011        8.1093404600813344       0.12331459073922890     
   1.8000000000000012        10.375398015456225        9.6381844678180104E-002
   1.8500000000000012        18.126241160540722        5.5168635965018191E-002
   1.9000000000000012        22.366521057920234        4.4709680035192101E-002
   1.9500000000000013        26.537416458626350        3.7682643355997691E-002
   2.0000000000000013        42.204653486816177        2.3694069667279188E-002
   2.0500000000000012        52.859190368152333        1.8918186090918641E-002
   2.1000000000000010        71.866338982857556        1.3914720217465541E-002
   2.1500000000000008        77.195371591125280        1.2954144521728871E-002
   2.2000000000000006        129.10638855614820        7.7455500938677507E-003
   2.2500000000000004        164.11489133614393        6.0932922774922160E-003
   2.3000000000000003        147.93508087617266        6.7597218595975778E-003
   2.3500000000000001        222.02491488946961        4.5039990241537925E-003
   2.3999999999999999        255.76013567077626        3.9099134717665157E-003
   2.4499999999999997        282.01804745389137        3.5458723618157638E-003
   2.4999999999999996        431.04532622953411        2.3199416375703705E-003
   2.5499999999999994        438.31129292648319        2.2814835395257027E-003
   2.5999999999999992        599.65008824748497        1.6676392109314330E-003
   2.6499999999999990        665.22747981704845        1.5032451760336495E-003
   2.6999999999999988        898.84125878464897        1.1125435000081448E-003
   2.7499999999999987        826.54060169894547        1.2098619208112834E-003
   2.7999999999999985        1193.0518305011535        8.3818655186165705E-004
   2.8499999999999983        1598.7381529428885        6.2549329804836580E-004
   2.8999999999999981        1498.3411179332704        6.6740476386268114E-004
   2.9499999999999980        1441.8471242884120        6.9355480421929281E-004
   2.9999999999999978        1675.8987946778557        5.9669474265134357E-004
   3.0499999999999976        2022.0843879155857        4.9453920220947085E-004
   3.0999999999999974        2133.3374750989287        4.6874908994584989E-004
   3.1499999999999972        3755.4715391884988        2.6627814631663670E-004
   3.1999999999999971        2922.7768491075890        3.4214038622391917E-004
   3.2499999999999969        3729.3382737048933        2.6814408525257079E-004
   3.2999999999999967        5762.5529286171995        1.7353419784379545E-004
   3.3499999999999965        5134.8045885649644        1.9474937804390182E-004
   3.3999999999999964        5912.9410841721901        1.6912057566019191E-004
   3.4499999999999962        5768.9612565967882        1.7334143106898200E-004
   3.4999999999999960        7289.8187832877766        1.3717762124520065E-004
   3.5499999999999958        9203.9376269229469        1.0864915001975292E-004
   3.5999999999999956        9273.1492413140513        1.0783822992352650E-004
   3.6499999999999955        12345.877400271336        8.0998698397735761E-005
   3.6999999999999953        13479.788411585290        7.4185140705958233E-005
   3.7499999999999951        14066.782213961555        7.1089463445839129E-005
   3.7999999999999949        15869.805607458491        6.3012744121454138E-005
   3.8499999999999948        14718.220853959325        6.7942994599852843E-005
   3.8999999999999946        17430.197345584576        5.7371696956335401E-005
   3.9499999999999944        22085.930477679496        4.5277693915165631E-005
   3.9999999999999942        18120.754350241830        5.5185340558775056E-005
   4.0499999999999945        18477.476749947626        5.4119943622866932E-005
   4.0999999999999943        29487.562571858012        3.3912602900395979E-005
   4.1499999999999941        35078.140848526709        2.8507782220219926E-005
   4.1999999999999940        34895.899613421228        2.8656661988315454E-005
   4.2499999999999938        42043.709453782627        2.3784770967920176E-005
   4.2999999999999936        57407.662703942398        1.7419277373425034E-005
   4.3499999999999934        99589.600491976555        1.0041209072633695E-005
   4.3999999999999932        108119.52328142221        9.2490233923536592E-006
   4.4499999999999931        58516.633968846872        1.7089157939815552E-005
   4.4999999999999929        62976.975025034597        1.5878819197055435E-005
   4.5499999999999927        41191.357045747849        2.4276937486895184E-005
   4.5999999999999925        27115.847191986031        3.6878803487856559E-005
   4.6499999999999924        15621.059296129335        6.4016145194953911E-005
   4.6999999999999922        9408.4892131764373        1.0628699011521596E-004
   4.7499999999999920        9465.6145896669314        1.0564554372324039E-004
   4.7999999999999918        7197.0718152553145        1.3894539691549891E-004
   4.8499999999999917        8558.3993310559654        1.1684427908981626E-004
   4.8999999999999915        5391.8826664629150        1.8546397647336080E-004
   4.9499999999999913        4581.3592195177589        2.1827583301910596E-004
   4.9999999999999911        3261.7373217209874        3.0658508069937736E-004
   5.0499999999999909        2933.3933535972410        3.4090211555626965E-004
   5.0999999999999908        2498.4523918291834        4.0024777068810720E-004
   5.1499999999999906        3960.4619208743929        2.5249579972712360E-004
   5.1999999999999904        2544.5007616638877        3.9300440191107855E-004
   5.2499999999999902        2418.1443093647649        4.1354024907748179E-004
   5.2999999999999901        1919.1420318373712        5.2106617614049546E-004
   5.3499999999999899        2048.4627133736226        4.8817095545424666E-004
   5.3999999999999897        1706.5767031301154        5.8596838815732765E-004
   5.4499999999999895        1804.1147459922363        5.5428846874704465E-004
   5.4999999999999893        1556.2309988876984        6.4257812671431210E-004
   5.5499999999999892        1243.1444336151578        8.0441175856929559E-004
   5.5999999999999890        1649.7084958038063        6.0616769722869049E-004
   5.6499999999999888        1268.9877813947724        7.8802965218536462E-004
   5.6999999999999886        1638.3983400424504        6.1035218088300203E-004
   5.7499999999999885        1071.7363171609259        9.3306532958502481E-004
   5.7999999999999883        890.43621156552558        1.1230450727535487E-003
   5.8499999999999881        1151.5206894316821        8.6841687620353302E-004
   5.8999999999999879        1071.6193383045957        9.3316718377077414E-004
   5.9499999999999877        858.78501221322381        1.1644357851831194E-003
   5.9999999999999876        940.93603131846305        1.0627715027543105E-003
   6.0499999999999874        789.25136000135888        1.2670234739896784E-003
   6.0999999999999872        795.24803259945963        1.2574693164989787E-003
   6.1499999999999870        884.41577194071328        1.1306899217837952E-003
   6.1999999999999869        793.00476923817416        1.2610264638895962E-003
   6.2499999999999867        611.57888987415993        1.6351120297918762E-003
   6.2999999999999865        548.53752283495305        1.8230293432467434E-003
   6.3499999999999863        616.86117877437493        1.6211102828465771E-003
   6.3999999999999861        680.40355810842868        1.4697160061597453E-003
   6.4499999999999860        413.22148228195323        2.4200097112029389E-003
   6.4999999999999858        540.32699477067081        1.8507311492449616E-003
   6.5499999999999856        685.69769379051741        1.4583686208306001E-003
   6.5999999999999854        501.33205526971108        1.9946859361746000E-003
   6.6499999999999853        526.73821543999043        1.8984762652253901E-003
   6.6999999999999851        486.83089690556403        2.0541013447508880E-003
   6.7499999999999849        528.65208147951785        1.8916032586145110E-003
   6.7999999999999847        339.41378047985285        2.9462563322745191E-003
   6.8499999999999845        567.48215767280692        1.7621699404628151E-003
   6.8999999999999844        350.48216451123903        2.8532122351918785E-003
   6.9499999999999842        321.46821892925385        3.1107274097912367E-003
   6.9999999999999840        267.40783457675474        3.7396062145403130E-003
   7.0499999999999838        406.26553762874090        2.4614443199802824E-003
   7.0999999999999837        441.17329332555062        2.2666829908538455E-003
   7.1499999999999835        382.67584312888198        2.6131777533268765E-003
   7.1999999999999833        356.20299844212695        2.8073879343339446E-003
   7.2499999999999831        521.37471821735267        1.9180063111213540E-003
   7.2999999999999829        271.85468933186877        3.6784357204125403E-003
   7.3499999999999828        411.48067067851468        2.4302478129799906E-003
   7.3999999999999826        299.55993681448228        3.3382301072499587E-003
   7.4499999999999824        267.58005150738342        3.7371993703065967E-003
   7.4999999999999822        397.31411641156865        2.5169002527061553E-003
   7.5499999999999821        258.60385205157894        3.8669184239395957E-003
   7.5999999999999819        413.60279011756353        2.4177786608155071E-003
   7.6499999999999817        369.22650685508057        2.7083645985159313E-003
   7.6999999999999815        392.16413586875944        2.5499527073905024E-003
   7.7499999999999813        342.29885498807960        2.9214237366783614E-003
   7.7999999999999812        302.93242114313063        3.3010662781700621E-003
   7.8499999999999810        474.87088135304452        2.1058355845081735E-003
   7.8999999999999808        257.97453596563810        3.8763515796504770E-003
   7.9499999999999806        265.27182962421153        3.7697180338244606E-003
   7.9999999999999805        306.54025709560159        3.2622142666505535E-003
