  0.50000000000000000        3.3752277714613741E-020   2.9627630124856119E+019
  0.55000000000000004        2.7894444392242756E-020   3.5849432451075916E+019
  0.60000000000000009        2.3439081746259535E-020   4.2663787379792830E+019
  0.65000000000000013        1.9971761961309898E-020   5.0070694911006867E+019
  0.70000000000000018        1.7220549854394757E-020   5.8070155044718027E+019
  0.75000000000000022        1.5001012317606097E-020   6.6662167780926317E+019
  0.80000000000000027        1.3184483482270984E-020   7.5846733119631720E+019
  0.85000000000000031        1.1678988828586061E-020   8.5623851060834255E+019
  0.90000000000000036        1.0417369665004232E-020   9.5993521604533912E+019
  0.95000000000000040        9.3496614167905020E-021   1.0695574475073069E+020
   1.0000000000000004        8.4380694286534278E-021   1.1851052049942459E+020
   1.0500000000000005        7.6535777130643335E-021   1.3065784885061562E+020
   1.1000000000000005        6.9736110980606829E-021   1.4339772980430378E+020
   1.1500000000000006        9.7604626888760115E-004   1024.5415938526141     
   1.2000000000000006        8.9640360458600869E-004   1115.5689188262868     
   1.2500000000000007        7.3756492312008898E-003   135.58128493553397     
   1.3000000000000007        3.0429650633088797E-003   328.62684230512110     
   1.3500000000000008        1.7424000017474128E-002   57.392102789091084     
   1.4000000000000008        1.0410995473845301E-002   96.052294183800086     
   1.4500000000000008        2.9364249620604362E-002   34.055016318153015     
   1.5000000000000009       0.12194064003948904        8.2007114254621083     
   1.5500000000000009        5.8155033926439142E-002   17.195415985225107     
   1.6000000000000010       0.18959057644629937        5.2745237592715757     
   1.6500000000000010       0.22918676505862934        4.3632536972376448     
   1.7000000000000011       0.30954692239855802        3.2305279996046838     
   1.7500000000000011       0.43772060899497134        2.2845622971603978     
   1.8000000000000012       0.89843857966731955        1.1130421406995761     
   1.8500000000000012        1.4976467495322829       0.66771419916766173     
   1.9000000000000012        1.4320530998018193       0.69829812884619236     
   1.9500000000000013        2.0173205564168217       0.49570703913125569     
   2.0000000000000013        1.7150102531310718       0.58308689302254202     
   2.0500000000000012        3.3318037872737554       0.30013772234116126     
   2.1000000000000010        3.8562897495275963       0.25931661388320265     
   2.1500000000000008        5.5572075708462787       0.17994649061627818     
   2.2000000000000006        8.8396749799401828       0.11312633125870504     
   2.2500000000000004        9.6643611042914266       0.10347295482946653     
   2.3000000000000003        14.702583348986398        6.8015258017152511E-002
   2.3500000000000001        13.527396022012288        7.3924057399721452E-002
   2.3999999999999999        16.917207722879727        5.9111409895827374E-002
   2.4499999999999997        29.595145424276939        3.3789325433748289E-002
   2.4999999999999996        26.779556890646344        3.7341917347007467E-002
   2.5499999999999994        25.282392985574539        3.9553217947785775E-002
   2.5999999999999992        41.698054497872832        2.3981934218322190E-002
   2.6499999999999990        42.559759648007635        2.3496373294176094E-002
   2.6999999999999988        58.705721850018200        1.7034114707844102E-002
   2.7499999999999987        41.547250064804182        2.4068981664014569E-002
   2.7999999999999985        69.527890131632660        1.4382717469302817E-002
   2.8499999999999983        68.879155093429659        1.4518180408043207E-002
   2.8999999999999981        91.365370511113298        1.0945065886624564E-002
   2.9499999999999980        137.39393574877133        7.2783416134794198E-003
   2.9999999999999978        129.75387859382116        7.7068987134510190E-003
   3.0499999999999976        157.22670189039084        6.3602428084838973E-003
   3.0999999999999974        153.34450507040361        6.5212639966517189E-003
   3.1499999999999972        175.70446773626236        5.6913749142738354E-003
   3.1999999999999971        152.44908808558120        6.5595669515492571E-003
   3.2499999999999969        285.47109369332082        3.5029816401456449E-003
   3.2999999999999967        364.96052352346993        2.7400223737778914E-003
   3.3499999999999965        184.12830851696768        5.4309954186531218E-003
   3.3999999999999964        451.60097581949657        2.2143441966336599E-003
   3.4499999999999962        492.97858921986335        2.0284856621917311E-003
   3.4999999999999960        469.06784397273765        2.1318877702862110E-003
   3.5499999999999958        542.28728151887833        1.8440410352223752E-003
   3.5999999999999956        754.90410005334138        1.3246715707721554E-003
   3.6499999999999955        644.21545900625927        1.5522756959954974E-003
   3.6999999999999953        670.94896419617828        1.4904263265359341E-003
   3.7499999999999951        1073.8595823134056        9.3122044676056199E-004
   3.7999999999999949        1083.9046171474624        9.2259040526252562E-004
   3.8499999999999948        1028.4493400918432        9.7233763591184508E-004
   3.8999999999999946        1388.3138195609379        7.2029823942561895E-004
   3.9499999999999944        1401.1650481208785        7.1369179622423034E-004
   3.9999999999999942        1216.4013274100707        8.2209709695826568E-004
   4.0499999999999945        1249.7857175885392        8.0013716425684502E-004
   4.0999999999999943        1936.7253059685540        5.1633548491271516E-004
   4.1499999999999941        1903.0104460214302        5.2548319011630842E-004
   4.1999999999999940        1637.1158246922828        6.1083033033900521E-004
   4.2499999999999938        1662.3527606152825        6.0155703632354938E-004
   4.2999999999999936        1521.8842040477809        6.5708021499946137E-004
   4.3499999999999934        1511.5980558078586        6.6155152565710326E-004
   4.3999999999999932        1808.6474472820632        5.5289935111607603E-004
   4.4499999999999931        1426.6330270785645        7.0095110727093107E-004
   4.4999999999999929        1126.4794440711569        8.8772148063878252E-004
   4.5499999999999927        922.99356951639129        1.0834311668324588E-003
   4.5999999999999925        1273.9177699628694        7.8498002271304120E-004
   4.6499999999999924        1005.0005167373835        9.9502436401364535E-004
   4.6999999999999922        912.92783251495678        1.0953768352588995E-003
   4.7499999999999920        679.89056196764511        1.4708249473355513E-003
   4.7999999999999918        645.23016411590197        1.5498345483742312E-003
   4.8499999999999917        525.53330999461548        1.9028289567606016E-003
   4.8999999999999915        554.57051091027233        1.8031972135673054E-003
   4.9499999999999913        594.29603932860118        1.6826630733224102E-003
   4.9999999999999911        658.75503388521088        1.5180149654450332E-003
   5.0499999999999909        395.48265229182715        2.5285559156766721E-003
   5.0999999999999908        297.05902667796585        3.3663343315403597E-003
   5.1499999999999906        297.41292613116332        3.3623286418929411E-003
   5.1999999999999904        319.07734290192985        3.1340363778425829E-003
   5.2499999999999902        223.03624362240885        4.4835762285028377E-003
   5.2999999999999901        259.74584161962480        3.8499172643711196E-003
   5.3499999999999899        221.44042268606063        4.5158873338031636E-003
   5.3999999999999897        192.91724313047644        5.1835698238942088E-003
   5.4499999999999895        156.38967340174668        6.3942840869749603E-003
   5.4999999999999893        180.53512510490134        5.5390883043891998E-003
   5.5499999999999892        127.70779353875618        7.8303756747353445E-003
   5.5999999999999890        139.55387758104249        7.1656912536828266E-003
   5.6499999999999888        145.85218478716121        6.8562565686573528E-003
   5.6999999999999886        124.83030532000706        8.0108752232597950E-003
   5.7499999999999885        88.820928168991443        1.1258607859820960E-002
   5.7999999999999883        86.138503573114960        1.1609210266245142E-002
   5.8499999999999881        98.079999571035415        1.0195758609029560E-002
   5.8999999999999879        98.753663707777392        1.0126206587728294E-002
   5.9499999999999877        95.554331321657912        1.0465250357241990E-002
   5.9999999999999876        66.462326868251992        1.5046117810203907E-002
   6.0499999999999874        43.635715782730081        2.2917006907350306E-002
   6.0999999999999872        58.210970014951442        1.7178892565149675E-002
   6.1499999999999870        75.072045731218353        1.3320537495145876E-002
   6.1999999999999869        48.328656838552874        2.0691657195038723E-002
   6.2499999999999867        52.570363934111896        1.9022124352293467E-002
   6.2999999999999865        48.224850089274845        2.0736197171142660E-002
   6.3499999999999863        54.777803399569166        1.8255569554434983E-002
   6.3999999999999861        40.601678104944440        2.4629523868823066E-002
   6.4499999999999860        32.732551657052532        3.0550627719991414E-002
   6.4999999999999858        41.495371047130732        2.4099073577729745E-002
   6.5499999999999856        40.985912860429494        2.4398626996678802E-002
   6.5999999999999854        34.455402276882253        2.9023024951618310E-002
   6.6499999999999853        33.317437865486227        3.0014312746296352E-002
   6.6999999999999851        35.551762221041784        2.8128000907030614E-002
   6.7499999999999849        27.390891505780122        3.6508486764257983E-002
   6.7999999999999847        34.766162060514397        2.8763600602775424E-002
   6.8499999999999845        29.103062944707688        3.4360644510163053E-002
   6.8999999999999844        34.100450837844569        2.9325125487496582E-002
   6.9499999999999842        30.414710004339177        3.2878827378506420E-002
   6.9999999999999840        24.979329988546709        4.0033099384911876E-002
   7.0499999999999838        24.351399881934395        4.1065400956347947E-002
   7.0999999999999837        29.437846805651006        3.3969875806542892E-002
   7.1499999999999835        30.030721136523415        3.3299233656557063E-002
   7.1999999999999833        21.037671007711815        4.7533778792977051E-002
   7.2499999999999831        23.945470877444496        4.1761550863547763E-002
   7.2999999999999829        24.295091640437793        4.1160577403855397E-002
   7.3499999999999828        27.831507474128809        3.5930500743790644E-002
   7.3999999999999826        25.654542590172106        3.8979451552688602E-002
   7.4499999999999824        22.077444898559513        4.5295096628924073E-002
   7.4999999999999822        21.763948596126404        4.5947544655475903E-002
   7.5499999999999821        19.353913908851386        5.1669135489057674E-002
   7.5999999999999819        20.840653989628191        4.7983139132662153E-002
   7.6499999999999817        16.782048021594267        5.9587482928975768E-002
   7.6999999999999815        15.888299532636086        6.2939397507323191E-002
   7.7499999999999813        18.586834284459506        5.3801523416825328E-002
   7.7999999999999812        14.169811640001248        7.0572568316787584E-002
   7.8499999999999810        16.825552780447236        5.9433411374281118E-002
   7.8999999999999808        17.198017928127108        5.8146235466153023E-002
   7.9499999999999806        14.864679473696915        6.7273566293138201E-002
   7.9999999999999805        17.967350731227675        5.5656508016063637E-002
