  0.50000000000000000        3.2639002900865708E-017   30638190849067764.     
  0.55000000000000004        2.6974382562698927E-017   37072210927372000.     
  0.60000000000000009        2.2665974236712290E-017   44118994822657600.     
  0.65000000000000013        1.9313019467967866E-017   51778542534924544.     
  0.70000000000000018        1.6652552500441678E-017   60050854064172856.     
  0.75000000000000022        1.4506223511495861E-017   68935929410402520.     
  0.80000000000000027        1.2749610508150658E-017   78433768573613536.     
  0.85000000000000031        6.6170455027325889E-005   15112.484863328171     
  0.90000000000000036        1.0073766327427679E-017   99267738350979648.     
  0.95000000000000040        8.3740829919516039E-004   1194.1606035683044     
   1.0000000000000004        1.6867766049729201E-003   592.84673326142922     
   1.0500000000000005        2.0740179014771157E-003   482.15591547585001     
   1.1000000000000005        7.3458903800756184E-003   136.13053670285043     
   1.1500000000000006        1.7755677495957762E-002   56.320013709849086     
   1.2000000000000006        1.8802082661868603E-002   53.185597467244477     
   1.2500000000000007       0.13088053063143271        7.6405558196891707     
   1.3000000000000007       0.23453880202419966        4.2636868243951387     
   1.3500000000000008       0.42773781878893413        2.3378807205575778     
   1.4000000000000008       0.66938810172905205        1.4939016654418660     
   1.4500000000000008       0.85666948864764991        1.1673113298089017     
   1.5000000000000009        2.4716295793831722       0.40459137094870146     
   1.5500000000000009        3.7605933736721400       0.26591548211539850     
   1.6000000000000010        3.8963550772570730       0.25665012047720570     
   1.6500000000000010        7.6804473497907715       0.13020074931276518     
   1.7000000000000011        11.031172219307072        9.0652197256948952E-002
   1.7500000000000011        15.378043619372601        6.5027777573750847E-002
   1.8000000000000012        23.229008753837530        4.3049620007345163E-002
   1.8500000000000012        29.317241135879115        3.4109621548808595E-002
   1.9000000000000012        40.345463828107604        2.4785933909708253E-002
   1.9500000000000013        41.761718220169328        2.3945374917956268E-002
   2.0000000000000013        74.264797285540581        1.3465329961853957E-002
   2.0500000000000012        104.64538898115481        9.5560827833521284E-003
   2.1000000000000010        110.87451848506171        9.0192048963417277E-003
   2.1500000000000008        155.16100665732606        6.4449182274803462E-003
   2.2000000000000006        203.87062302655588        4.9050715848832300E-003
   2.2500000000000004        266.16050289564981        3.7571314643632808E-003
   2.3000000000000003        355.82838453304021        2.8103435348821805E-003
   2.3500000000000001        323.97184708571200        3.0866879606839225E-003
   2.3999999999999999        532.18140785266530        1.8790585038191536E-003
   2.4499999999999997        559.04924694627675        1.7887511797258489E-003
   2.4999999999999996        782.83284272294520        1.2774119140449925E-003
   2.5499999999999994        1038.6170700855944        9.6281876044805245E-004
   2.5999999999999992        1179.6000088693177        8.4774499193038353E-004
   2.6499999999999990        1017.1316510621508        9.8315689906585757E-004
   2.6999999999999988        930.27673129938285        1.0749489548160897E-003
   2.7499999999999987        1554.4103484125185        6.4333076592115832E-004
   2.7999999999999985        2144.1653213590598        4.6638194827540588E-004
   2.8499999999999983        2502.0990226636004        3.9966443811462492E-004
   2.8999999999999981        2812.6396467170889        3.5553790232858279E-004
   2.9499999999999980        3110.9562616605303        3.2144457070130310E-004
   2.9999999999999978        3775.5293590145993        2.6486352108807243E-004
   3.0499999999999976        3353.1421143395933        2.9822774159303761E-004
   3.0999999999999974        4566.5354264967682        2.1898439552173871E-004
   3.1499999999999972        4911.7654362725907        2.0359278409656174E-004
   3.1999999999999971        6540.8683990736317        1.5288489830213184E-004
   3.2499999999999969        6718.1939513292091        1.4884952819829619E-004
   3.2999999999999967        7084.0071877887831        1.4116304141020247E-004
   3.3499999999999965        9977.3256607293060        1.0022725868676353E-004
   3.3999999999999964        9011.6047817924846        1.1096802669602778E-004
   3.4499999999999962        14228.938612869060        7.0279310861287391E-005
   3.4999999999999960        12529.274930602849        7.9813078213926997E-005
   3.5499999999999958        13083.258966691585        7.6433555473134074E-005
   3.5999999999999956        18188.974140481529        5.4978361741380009E-005
   3.6499999999999955        21615.062822599088        4.6264033938151459E-005
   3.6999999999999953        19840.130363464872        5.0402894622178302E-005
   3.7499999999999951        18191.497954961094        5.4970734266953809E-005
   3.7999999999999949        23319.576331412718        4.2882425726274729E-005
   3.8499999999999948        35934.263760214832        2.7828592973906016E-005
   3.8999999999999946        33777.914640681498        2.9605143201931668E-005
   3.9499999999999944        43909.229992873436        2.2774254983799584E-005
   3.9999999999999942        33815.216636553923        2.9572485391650858E-005
   4.0499999999999945        41209.931326362312        2.4265995302940294E-005
   4.0999999999999943        60040.488756928411        1.6655427374158482E-005
   4.1499999999999941        52934.531446762478        1.8891260065383290E-005
   4.1999999999999940        72990.606924616543        1.3700392997591910E-005
   4.2499999999999938        102975.66180113947        9.7110325149562145E-006
   4.2999999999999936        83521.281707141548        1.1972996337704600E-005
   4.3499999999999934        118374.13781024140        8.4477912025263580E-006
   4.3999999999999932        180843.36984725279        5.5296470135711261E-006
   4.4499999999999931        147064.34612075062        6.7997446449659979E-006
   4.4999999999999929        84810.878099924070        1.1790940294496200E-005
   4.5499999999999927        67977.951599960797        1.4710652152110107E-005
   4.5999999999999925        63249.588049893275        1.5810379653558665E-005
   4.6499999999999924        35198.358054324643        2.8410416146588835E-005
   4.6999999999999922        29762.741676410424        3.3599055183568233E-005
   4.7499999999999920        14832.096222269294        6.7421353328235163E-005
   4.7999999999999918        15779.979323282358        6.3371439183355807E-005
   4.8499999999999917        13090.540337690132        7.6391040721276538E-005
   4.8999999999999915        12267.898169597644        8.1513555637281388E-005
   4.9499999999999913        9064.1968281379613        1.1032417090675953E-004
   4.9999999999999911        8990.3511553637109        1.1123036049636310E-004
   5.0499999999999909        6599.7153902521204        1.5152168553768473E-004
   5.0999999999999908        6853.0531964532629        1.4592036152842665E-004
   5.1499999999999906        8126.9011311532176        1.2304813161398689E-004
   5.1999999999999904        6830.5267298018234        1.4640159383857843E-004
   5.2499999999999902        4622.3583778689881        2.1633978117919595E-004
   5.2999999999999901        3396.6379390467082        2.9440877065650911E-004
   5.3499999999999899        4302.6600179852849        2.3241436595500492E-004
   5.3999999999999897        3113.0161993657243        3.2123186516143078E-004
   5.4499999999999895        3975.1841183537272        2.5156067498431682E-004
   5.4999999999999893        4507.9862665013352        2.2182853737398443E-004
   5.5499999999999892        3691.1434932020297        2.7091875508001727E-004
   5.5999999999999890        3016.2890608483517        3.3153321178002192E-004
   5.6499999999999888        3342.3291191506119        2.9919255834809307E-004
   5.6999999999999886        2149.8127613315164        4.6515678852917223E-004
   5.7499999999999885        2264.1891182660938        4.4165922004156424E-004
   5.7999999999999883        1872.6162451891516        5.3401224226749713E-004
   5.8499999999999881        1922.0443159304216        5.2027936698011092E-004
   5.8999999999999879        2107.7057178271930        4.7444953607227831E-004
   5.9499999999999877        2028.1280356342622        4.9306551777302714E-004
   5.9999999999999876        1684.1677248803232        5.9376508956140929E-004
   6.0499999999999874        1700.4937537320293        5.8806449468298610E-004
   6.0999999999999872        1882.8182683419102        5.3111870477050478E-004
   6.1499999999999870        1526.4689768936562        6.5510666455533646E-004
   6.1999999999999869        1460.9232226540887        6.8449866802943946E-004
   6.2499999999999867        1330.0478568993274        7.5185264561175179E-004
   6.2999999999999865        1136.4429224086591        8.7993860517035722E-004
   6.3499999999999863        1112.6029131997982        8.9879326050301537E-004
   6.3999999999999861        1342.2419473978091        7.4502216380488624E-004
   6.4499999999999860        888.41950868880474        1.1255943731761069E-003
   6.4999999999999858        1267.2652596530268        7.8910077616567572E-004
   6.5499999999999856        1335.8117722152451        7.4860846475521673E-004
   6.5999999999999854        957.96456707458503        1.0438799454282343E-003
   6.6499999999999853        894.03581219640489        1.1185234264198766E-003
   6.6999999999999851        920.55463817359498        1.0863016257068965E-003
   6.7499999999999849        974.54254852269605        1.0261224628066725E-003
   6.7999999999999847        936.39386862581614        1.0679266850257441E-003
   6.8499999999999845        732.70900775885548        1.3647982888305280E-003
   6.8999999999999844        798.79968543850714        1.2518783097054456E-003
   6.9499999999999842        776.10049994627013        1.2884929207869736E-003
   6.9999999999999840        787.59688928307708        1.2696850553971415E-003
   7.0499999999999838        709.67981343720101        1.4090861555673786E-003
   7.0999999999999837        885.24921645513530        1.1296253997313539E-003
   7.1499999999999835        669.69137673416890        1.4932251403275058E-003
   7.1999999999999833        982.87536700016585        1.0174229954018487E-003
   7.2499999999999831        657.23006149122375        1.5215372189930686E-003
   7.2999999999999829        829.33255771542701        1.2057889090411604E-003
   7.3499999999999828        739.95778151094100        1.3514284530639995E-003
   7.3999999999999826        565.30907607507345        1.7689438261684644E-003
   7.4499999999999824        521.54119602532137        1.9173940766731856E-003
   7.4999999999999822        668.86267842005134        1.4950751959462623E-003
   7.5499999999999821        715.25369433594608        1.3981053267098709E-003
   7.5999999999999819        782.64146145936877        1.2777242827581982E-003
   7.6499999999999817        670.36222839437380        1.4917308249827292E-003
   7.6999999999999815        825.65908554692851        1.2111536316924141E-003
   7.7499999999999813        711.72936539878583        1.4050284400443343E-003
   7.7999999999999812        718.96956202791034        1.3908794652995060E-003
   7.8499999999999810        601.83531528517881        1.6615841154588135E-003
   7.8999999999999808        984.98009828229897        1.0152489392870924E-003
   7.9499999999999806        913.43209048509766        1.0947721351336898E-003
   7.9999999999999805        635.98073933312048        1.5723746619254295E-003
