  0.50000000000000000        1.0000000000000007       0.99999999999999933     
  0.55000000000000004        1.0000000000000007       0.99999999999999933     
  0.60000000000000009        1.0000000000000007       0.99999999999999933     
  0.65000000000000013        1.0000000000000007       0.99999999999999933     
  0.70000000000000018        1.0000000000000007       0.99999999999999933     
  0.75000000000000022        1.0000000000000007       0.99999999999999933     
  0.80000000000000027        1.0000000000000007       0.99999999999999933     
  0.85000000000000031        1.0000000000000007       0.99999999999999933     
  0.90000000000000036        1.0000000000000007       0.99999999999999933     
  0.95000000000000040        1.0000000000000007       0.99999999999999933     
   1.0000000000000004        1.0000000000000007       0.99999999999999933     
   1.0500000000000005       0.99996000000000063        1.0000400016000635     
   1.1000000000000005       0.99998000000000065        1.0000200004000073     
   1.1500000000000006       0.99996000000000063        1.0000400016000635     
   1.2000000000000006       0.99996000000000063        1.0000400016000635     
   1.2500000000000007       0.99986000000000064        1.0001400196027437     
   1.3000000000000007       0.99984000000000051        1.0001600256040961     
   1.3500000000000008       0.99958000000000047        1.0004201764741187     
   1.4000000000000008       0.99968000000000046        1.0003201024327781     
   1.4500000000000008       0.99964000000000053        1.0003601296466722     
   1.5000000000000009       0.99948000000000037        1.0005202705406808     
   1.5500000000000009       0.99890000000000001        1.0011012113324658     
   1.6000000000000010       0.99914000000000014        1.0008607402366034     
   1.6500000000000010       0.99851999999999974        1.0014821936465972     
   1.7000000000000011       0.99817999999999985        1.0018233184395602     
   1.7500000000000011       0.99789999999999934        1.0021044192804898     
   1.8000000000000012       0.99729999999999930        1.0027073097362886     
   1.8500000000000012       0.99655999999999911        1.0034518744481025     
   1.9000000000000012       0.99589999999999923        1.0041168792047401     
   1.9500000000000013       0.99543999999999955        1.0045808888531709     
   2.0000000000000013       0.99447999999999936        1.0055506395302074     
   2.0500000000000012       0.99457999999999935        1.0054495364877643     
   2.1000000000000010       0.99229999999999963        1.0077597500755824     
   2.1500000000000008       0.99187999999999976        1.0081864741702629     
   2.2000000000000006       0.98974000000000029        1.0103663588417158     
   2.2500000000000004       0.98904000000000003        1.0110814527218313     
   2.3000000000000003       0.98749999999999993        1.0126582278481013     
   2.3500000000000001       0.98498000000000041        1.0152490405896561     
   2.3999999999999999       0.98438000000000003        1.0158678559093033     
   2.4499999999999997       0.98185999999999996        1.0184751390218565     
   2.4999999999999996       0.97972000000000026        1.0206997917772422     
   2.5499999999999994       0.97786000000000006        1.0226412778925409     
   2.5999999999999992       0.97480000000000011        1.0258514567090684     
   2.6499999999999990       0.97147999999999990        1.0293572693210360     
   2.6999999999999988       0.96839999999999971        1.0326311441553080     
   2.7499999999999987       0.96511999999999987        1.0361405835543769     
   2.7999999999999985       0.96370000000000000        1.0376673238559717     
   2.8499999999999983       0.95811999999999997        1.0437105999248528     
   2.8999999999999981       0.95190000000000008        1.0505305179115452     
   2.9499999999999980       0.94741999999999993        1.0554980895484580     
   2.9999999999999978       0.94676000000000027        1.0562338924331400     
   3.0499999999999976       0.94503999999999977        1.0581562685177350     
   3.0999999999999974       0.93500000000000005        1.0695187165775399     
   3.1499999999999972       0.92887999999999948        1.0765653259839814     
   3.1999999999999971       0.92493999999999998        1.0811512098082039     
   3.2499999999999969       0.91672000000000020        1.0908456235273583     
   3.2999999999999967       0.91309999999999958        1.0951702989814922     
   3.3499999999999965       0.90551999999999955        1.1043378390317171     
   3.3999999999999964       0.89487999999999968        1.1174682639013056     
   3.4499999999999962       0.89579999999999971        1.1163206072784106     
   3.4999999999999960       0.88599999999999990        1.1286681715575622     
   3.5499999999999958       0.87716000000000016        1.1400428656117467     
   3.5999999999999956       0.85951999999999995        1.1634400595681311     
   3.6499999999999955       0.85193999999999981        1.1737915815667772     
   3.6999999999999953       0.84120000000000039        1.1887779362815021     
   3.7499999999999951       0.83543999999999996        1.1969740496026047     
   3.7999999999999949       0.80722000000000016        1.2388196526349691     
   3.8499999999999948       0.81832000000000016        1.2220158373252514     
   3.8999999999999946       0.78492000000000006        1.2740151862610201     
   3.9499999999999944       0.75983999999999996        1.3160665403242788     
   3.9999999999999942       0.74948000000000004        1.3342584191706248     
   4.0499999999999945       0.72787999999999975        1.3738528328845419     
   4.0999999999999943       0.70669999999999977        1.4150275930380647     
   4.1499999999999941       0.68842000000000003        1.4526016094825833     
   4.1999999999999940       0.66331999999999991        1.5075679913164086     
   4.2499999999999938       0.61331999999999964        1.6304702276136447     
   4.2999999999999936       0.56326000000000009        1.7753790434257710     
   4.3499999999999934      -0.39637999999999990       -2.5228316262172670     
   4.3999999999999932       0.48664000000000002        2.0549071181982574     
   4.4499999999999931       0.48392000000000035        2.0664572656637445     
   4.4999999999999929      -0.27183999999999992       -3.6786344908769877     
   4.5499999999999927        7.2100000000000095E-002   13.869625520110938     
   4.5999999999999925       -6.0899999999999933E-002  -16.420361247947472     
   4.6499999999999924       0.17015999999999992        5.8768218147625788     
   4.6999999999999922        7.8840000000000035E-002   12.683916793505828     
   4.7499999999999920        8.2799999999999971E-002   12.077294685990342     
   4.7999999999999918        1.8679999999999988E-002   53.533190578158489     
   4.8499999999999917       -9.5619999999999997E-002  -10.458063166701526     
   4.8999999999999915        2.4700000000000003E-002   40.485829959514163     
   4.9499999999999913        2.5140000000000003E-002   39.777247414478914     
   4.9999999999999911       -3.6100000000000000E-002  -27.700831024930746     
   5.0499999999999909        1.3279999999999997E-002   75.301204819277132     
   5.0999999999999908        1.6239999999999994E-002   61.576354679802975     
   5.1499999999999906       -1.2800000000000001E-002  -78.125000000000000     
   5.1999999999999904       -1.3919999999999998E-002  -71.839080459770130     
   5.2499999999999902        9.0000000000000214E-004   1111.1111111111084     
   5.2999999999999901       -5.9399999999999974E-003  -168.35016835016842     
   5.3499999999999899        1.9119999999999998E-002   52.301255230125527     
   5.3999999999999897        1.7360000000000007E-002   57.603686635944676     
   5.4499999999999895       -1.0460000000000001E-002  -95.602294455066911     
   5.4999999999999893        1.2999999999999960E-003   769.23076923077156     
   5.5499999999999892        1.0760000000000000E-002   92.936802973977692     
   5.5999999999999890        2.0900000000000005E-002   47.846889952153099     
   5.6499999999999888       -1.0259999999999997E-002  -97.465886939571178     
   5.6999999999999886       -1.2479999999999998E-002  -80.128205128205138     
   5.7499999999999885        8.4799999999999962E-003   117.92452830188685     
   5.7999999999999883        1.3019999999999993E-002   76.804915514592977     
   5.8499999999999881       -1.2079999999999995E-002  -82.781456953642419     
   5.8999999999999879       -5.3600000000000080E-003  -186.56716417910420     
   5.9499999999999877        1.1420000000000001E-002   87.565674255691761     
   5.9999999999999876        6.7399999999999969E-003   148.36795252225525     
   6.0499999999999874        5.1999999999999946E-003   192.30769230769252     
   6.0999999999999872        3.5800000000000016E-003   279.32960893854738     
   6.1499999999999870       -1.1679999999999998E-002  -85.616438356164394     
   6.1999999999999869        1.8360000000000008E-002   54.466230936819144     
   6.2499999999999867        1.0660000000000001E-002   93.808630393996239     
   6.2999999999999865        1.8400000000000035E-003   543.47826086956422     
   6.3499999999999863       -4.0000000000000116E-004  -2499.9999999999927     
   6.3999999999999861        2.1999999999999876E-004   4545.4545454545714     
   6.4499999999999860        8.4599999999999988E-003   118.20330969267141     
   6.4999999999999858        9.1599999999999997E-003   109.17030567685590     
   6.5499999999999856        2.1800000000000005E-003   458.71559633027510     
   6.5999999999999854        4.6199999999999982E-003   216.45021645021654     
   6.6499999999999853       -4.9399999999999999E-003  -202.42914979757086     
   6.6999999999999851        2.3199999999999983E-003   431.03448275862098     
   6.7499999999999849       -5.5399999999999963E-003  -180.50541516245499     
   6.7999999999999847       -3.8400000000000018E-003  -260.41666666666652     
   6.8499999999999845        6.9000000000000016E-003   144.92753623188403     
   6.8999999999999844        1.0459999999999999E-002   95.602294455066939     
   6.9499999999999842        2.5400000000000006E-003   393.70078740157470     
   6.9999999999999840       -6.3999999999999940E-004  -1562.5000000000014     
   7.0499999999999838       -3.9999999999999908E-005  -25000.000000000058     
   7.0999999999999837       -3.1800000000000005E-003  -314.46540880503142     
   7.1499999999999835       -2.9400000000000008E-003  -340.13605442176862     
   7.1999999999999833       -1.2799999999999977E-003  -781.25000000000136     
   7.2499999999999831        2.6799999999999979E-003   373.13432835820925     
   7.2999999999999829       -5.5200000000000023E-003  -181.15942028985501     
   7.3499999999999828        1.7800000000000003E-003   561.79775280898866     
   7.3999999999999826        9.3999999999999986E-004   1063.8297872340427     
   7.4499999999999824        1.2100000000000007E-002   82.644628099173502     
   7.4999999999999822        4.4400000000000004E-003   225.22522522522522     
   7.5499999999999821       -3.4400000000000030E-003  -290.69767441860438     
   7.5999999999999819       -3.8999999999999981E-003  -256.41025641025652     
   7.6499999999999817        1.1000000000000005E-003   909.09090909090867     
   7.6999999999999815        9.0000000000000073E-004   1111.1111111111102     
   7.7499999999999813       -2.1999999999999988E-003  -454.54545454545479     
   7.7999999999999812        4.4400000000000004E-003   225.22522522522522     
   7.8499999999999810        3.9399999999999999E-003   253.80710659898477     
   7.8999999999999808       -5.3000000000000026E-003  -188.67924528301879     
   7.9499999999999806        2.0600000000000002E-003   485.43689320388347     
   7.9999999999999805       -9.9999999999999829E-004  -1000.0000000000017     
