  0.50000000000000000        1.0000000000000007       0.99999999999999933     
  0.55000000000000004        1.0000000000000007       0.99999999999999933     
  0.60000000000000009        1.0000000000000007       0.99999999999999933     
  0.65000000000000013        1.0000000000000007       0.99999999999999933     
  0.70000000000000018        1.0000000000000007       0.99999999999999933     
  0.75000000000000022        1.0000000000000007       0.99999999999999933     
  0.80000000000000027       0.99999750000000065        1.0000025000062494     
  0.85000000000000031       0.99999750000000065        1.0000025000062494     
  0.90000000000000036       0.99999000000000060        1.0000100001000003     
  0.95000000000000040       0.99999750000000065        1.0000025000062494     
   1.0000000000000004       0.99999500000000074        1.0000050000249994     
   1.0500000000000005       0.99998000000000065        1.0000200004000073     
   1.1000000000000005       0.99995750000000050        1.0000425018063264     
   1.1500000000000006       0.99995250000000047        1.0000475022563566     
   1.2000000000000006       0.99992500000000040        1.0000750056254215     
   1.2500000000000007       0.99984749999999989        1.0001525232597972     
   1.3000000000000007       0.99978249999999969        1.0002175473165416     
   1.3500000000000008       0.99970499999999962        1.0002950870506804     
   1.4000000000000008       0.99962499999999965        1.0003751406777546     
   1.4500000000000008       0.99947749999999957        1.0005227731489708     
   1.5000000000000009       0.99932999999999961        1.0006704492009650     
   1.5500000000000009       0.99904750000000031        1.0009534081212352     
   1.6000000000000010       0.99886000000000064        1.0011413010832342     
   1.6500000000000010       0.99852000000000041        1.0014821936465965     
   1.7000000000000011       0.99822750000000071        1.0017756473349004     
   1.7500000000000011       0.99776250000000000        1.0022425176332044     
   1.8000000000000012       0.99721500000000007        1.0027927778864136     
   1.8500000000000012       0.99658500000000017        1.0034267021879717     
   1.9000000000000012       0.99599249999999995        1.0040236246758887     
   1.9500000000000013       0.99510250000000011        1.0049216035534028     
   2.0000000000000013       0.99462249999999996        1.0054065738508831     
   2.0500000000000012       0.99360499999999963        1.0064361592383295     
   2.1000000000000010       0.99256999999999995        1.0074856181428011     
   2.1500000000000008       0.99122999999999994        1.0088475933940659     
   2.2000000000000006       0.99039500000000058        1.0096981507378364     
   2.2500000000000004       0.98899749999999986        1.0111249017312987     
   2.3000000000000003       0.98698999999999992        1.0131814912005188     
   2.3500000000000001       0.98580500000000038        1.0143993994755551     
   2.3999999999999999       0.98343749999999996        1.0168414362885287     
   2.4499999999999997       0.98142249999999975        1.0189291564030785     
   2.4999999999999996       0.97962000000000016        1.0208039852187580     
   2.5499999999999994       0.97713500000000042        1.0234000419594014     
   2.5999999999999992       0.97407000000000010        1.0266202634307595     
   2.6499999999999990       0.97233250000000016        1.0284547724158144     
   2.6999999999999988       0.96864000000000028        1.0323752890650806     
   2.7499999999999987       0.96514000000000022        1.0361191122531443     
   2.7999999999999985       0.96273499999999979        1.0387074324710333     
   2.8499999999999983       0.95884000000000047        1.0429268699678773     
   2.8999999999999981       0.95523250000000026        1.0468655536741052     
   2.9499999999999980       0.94948749999999982        1.0531997524980583     
   2.9999999999999978       0.94671750000000010        1.0562813088381697     
   3.0499999999999976       0.94129499999999955        1.0623662082556482     
   3.0999999999999974       0.93560750000000004        1.0688242665861485     
   3.1499999999999972       0.93194250000000001        1.0730275741260862     
   3.1999999999999971       0.92477499999999990        1.0813441107296371     
   3.2499999999999969       0.91932250000000004        1.0877575605948946     
   3.2999999999999967       0.91287000000000007        1.0954462300217993     
   3.3499999999999965       0.90568999999999988        1.1041305523965155     
   3.3999999999999964       0.89821249999999986        1.1133222928872624     
   3.4499999999999962       0.89087000000000016        1.1224982320652843     
   3.4999999999999960       0.88024499999999983        1.1360473504535671     
   3.5499999999999958       0.87131999999999954        1.1476839737409912     
   3.5999999999999956       0.86181249999999987        1.1603452026978027     
   3.6499999999999955       0.85184749999999987        1.1739190406733602     
   3.6999999999999953       0.83837750000000011        1.1927801020423376     
   3.7499999999999951       0.82744250000000064        1.2085431918229959     
   3.7999999999999949       0.81567749999999994        1.2259747265310126     
   3.8499999999999948       0.80006749999999971        1.2498945401481754     
   3.8999999999999946       0.78655749999999991        1.2713628692117234     
   3.9499999999999944       0.76755249999999997        1.3028424765732638     
   3.9999999999999942       0.75571500000000014        1.3232501670603334     
   4.0499999999999945       0.72824500000000003        1.3731642510418882     
   4.0999999999999943       0.71365749999999983        1.4012323838816243     
   4.1499999999999941       0.69319500000000012        1.4425955178557257     
   4.1999999999999940       0.65892249999999997        1.5176291597266751     
   4.2499999999999938       0.63286500000000001        1.5801158224897884     
   4.2999999999999936       0.59347499999999986        1.6849909431736809     
   4.3499999999999934       0.52353000000000016        1.9101102133593102     
   4.3999999999999932       0.50063000000000013        1.9974831712042820     
   4.4499999999999931       0.41897999999999980        2.3867487708243842     
   4.4999999999999929       0.30827750000000004        3.2438306396023058     
   4.5499999999999927       0.23554000000000005        4.2455633862613560     
   4.5999999999999925       -2.6897499999999980E-002  -37.178176410447094     
   4.6499999999999924        7.0859999999999992E-002   14.112334180073386     
   4.6999999999999922       -4.3684999999999995E-002  -22.891152569531879     
   4.7499999999999920        2.1069999999999992E-002   47.460844803037510     
   4.7999999999999918       -8.7899999999999992E-003  -113.76564277588169     
   4.8499999999999917       -6.7575000000000057E-003  -147.98372179060291     
   4.8999999999999915       -1.5349999999999982E-003  -651.46579804560338     
   4.9499999999999913       -5.7324999999999945E-003  -174.44395987788940     
   4.9999999999999911       -2.3499999999999969E-004  -4255.3191489361761     
   5.0499999999999909        3.4024999999999967E-003   293.90154298310097     
   5.0999999999999908        1.3284999999999993E-002   75.272864132480279     
   5.1499999999999906       -5.8400000000000006E-003  -171.23287671232876     
   5.1999999999999904        4.7675000000000026E-003   209.75353959098049     
   5.2499999999999902        7.9575000000000010E-003   125.66760917373546     
   5.2999999999999901       -3.0275000000000002E-003  -330.30553261767130     
   5.3499999999999899       -7.4524999999999999E-003  -134.18316001341833     
   5.3999999999999897        1.0162500000000000E-002   98.400984009840101     
   5.4499999999999895       -4.7799999999999995E-003  -209.20502092050211     
   5.4999999999999893        3.7924999999999973E-003   263.67831245880046     
   5.5499999999999892       -6.2274999999999995E-003  -160.57808109193095     
   5.5999999999999890        5.5799999999999982E-003   179.21146953405025     
   5.6499999999999888       -2.8999999999999908E-004  -3448.2758620689765     
   5.6999999999999886        1.0450000000000004E-003   956.93779904306189     
   5.7499999999999885        3.8499999999999997E-003   259.74025974025977     
   5.7999999999999883        5.3849999999999974E-003   185.70102135561754     
   5.8499999999999881       -7.1749999999999917E-004  -1393.7282229965174     
   5.8999999999999879       -1.9649999999999941E-003  -508.90585241730435     
   5.9499999999999877        1.6375000000000001E-003   610.68702290076328     
   5.9999999999999876        1.4975000000000003E-003   667.77963272120189     
   6.0499999999999874       -4.5325000000000027E-003  -220.62879205736337     
   6.0999999999999872        6.0049999999999991E-003   166.52789342214822     
   6.1499999999999870       -1.1050000000000001E-003  -904.97737556561083     
   6.1999999999999869       -4.1999999999999953E-004  -2380.9523809523835     
   6.2499999999999867       -1.8550000000000001E-003  -539.08355795148248     
   6.2999999999999865       -1.2774999999999987E-003  -782.77886497064662     
   6.3499999999999863       -4.8499999999999992E-004  -2061.8556701030930     
   6.3999999999999861       -2.3874999999999999E-003  -418.84816753926702     
   6.4499999999999860        5.3975000000000030E-003   185.27095877721158     
   6.4999999999999858        1.5299999999999997E-003   653.59477124183024     
   6.5499999999999856        3.6375000000000001E-003   274.91408934707903     
   6.5999999999999854        8.6500000000000021E-004   1156.0693641618495     
   6.6499999999999853       -2.3149999999999989E-003  -431.96544276457905     
   6.6999999999999851        1.6525000000000010E-003   605.14372163388771     
   6.7499999999999849       -7.4750000000000001E-004  -1337.7926421404682     
   6.7999999999999847        6.6499999999999968E-004   1503.7593984962414     
   6.8499999999999845        3.1925000000000009E-003   313.23414252153475     
   6.8999999999999844        1.1649999999999994E-003   858.36909871244677     
   6.9499999999999842        1.2499999999999804E-005   80000.000000001251     
   6.9999999999999840        9.8250000000000052E-004   1017.8117048346051     
   7.0499999999999838        4.8149999999999998E-003   207.68431983385256     
   7.0999999999999837        2.6100000000000012E-003   383.14176245210712     
   7.1499999999999835       -1.8425000000000002E-003  -542.74084124830392     
   7.1999999999999833       -8.8249999999999939E-004  -1133.1444759206806     
   7.2499999999999831        1.2300000000000002E-003   813.00813008130069     
   7.2999999999999829        7.8749999999999925E-004   1269.8412698412710     
   7.3499999999999828       -3.9499999999999957E-004  -2531.6455696202561     
   7.3999999999999826        5.2174999999999999E-003   191.66267369429804     
   7.4499999999999824       -4.3250000000000016E-004  -2312.1387283236986     
   7.4999999999999822       -4.8100000000000009E-003  -207.90020790020787     
   7.5499999999999821        1.5725000000000001E-003   635.93004769475351     
   7.5999999999999819       -1.4175000000000012E-003  -705.46737213403821     
   7.6499999999999817        3.3650000000000017E-003   297.17682020802363     
   7.6999999999999815       -1.3999999999999974E-004  -7142.8571428571558     
   7.7499999999999813       -2.8700000000000010E-003  -348.43205574912878     
   7.7999999999999812        2.9250000000000006E-004   3418.8034188034180     
   7.8499999999999810        8.5749999999999976E-004   1166.1807580174930     
   7.8999999999999808       -1.6249999999999961E-004  -6153.8461538461688     
   7.9499999999999806        1.6275000000000005E-003   614.43932411674325     
   7.9999999999999805       -9.4249999999999976E-004  -1061.0079575596819     
