  0.50000000000000000        1.0000000000000007       0.99999999999999933     
  0.55000000000000004        1.0000000000000007       0.99999999999999933     
  0.60000000000000009        1.0000000000000007       0.99999999999999933     
  0.65000000000000013        1.0000000000000007       0.99999999999999933     
  0.70000000000000018        1.0000000000000007       0.99999999999999933     
  0.75000000000000022        1.0000000000000007       0.99999999999999933     
  0.80000000000000027        1.0000000000000007       0.99999999999999933     
  0.85000000000000031        1.0000000000000007       0.99999999999999933     
  0.90000000000000036        1.0000000000000007       0.99999999999999933     
  0.95000000000000040        1.0000000000000007       0.99999999999999933     
   1.0000000000000004       0.99998842592592663        1.0000115742080342     
   1.0500000000000005       0.99998842592592663        1.0000115742080342     
   1.1000000000000005       0.99997685185185259        1.0000231486839966     
   1.1500000000000006       0.99995370370370451        1.0000462984397418     
   1.2000000000000006       0.99995370370370440        1.0000462984397418     
   1.2500000000000007       0.99983796296296390        1.0001620632972925     
   1.3000000000000007       0.99979166666666763        1.0002083767451542     
   1.3500000000000008       0.99975694444444529        1.0002431146459201     
   1.4000000000000008       0.99964120370370468        1.0003589250772837     
   1.4500000000000008       0.99951388888889003        1.0004863475300483     
   1.5000000000000009       0.99923611111111199        1.0007644728612126     
   1.5500000000000009       0.99901620370370459        1.0009847651045580     
   1.6000000000000010       0.99901620370370414        1.0009847651045585     
   1.6500000000000010       0.99843750000000031        1.0015649452269166     
   1.7000000000000011       0.99822916666666694        1.0017739747469474     
   1.7500000000000011       0.99785879629629648        1.0021457982949602     
   1.8000000000000012       0.99721064814814842        1.0027971540988170     
   1.8500000000000012       0.99680555555555550        1.0032046816218476     
   1.9000000000000012       0.99637731481481528        1.0036358567495669     
   1.9500000000000013       0.99577546296296304        1.0042424594641715     
   2.0000000000000013       0.99462962962962964        1.0053993669707690     
   2.0500000000000012       0.99328703703703636        1.0067583313912847     
   2.1000000000000010       0.99253472222222228        1.0075214273220219     
   2.1500000000000008       0.99107638888888872        1.0090039589391446     
   2.2000000000000006       0.99072916666666666        1.0093575859531070     
   2.2500000000000004       0.98754629629629587        1.0126107543012521     
   2.3000000000000003       0.98760416666666628        1.0125514186267275     
   2.3500000000000001       0.98609953703703701        1.0140964095822722     
   2.3999999999999999       0.98306712962962961        1.0172245311230677     
   2.4499999999999997       0.98186342592592635        1.0184715853500401     
   2.4999999999999996       0.97843749999999974        1.0220376876397319     
   2.5499999999999994       0.97734953703703742        1.0231753964212542     
   2.5999999999999992       0.97353009259259293        1.0271896139716805     
   2.6499999999999990       0.97119212962962964        1.0296623803792113     
   2.6999999999999988       0.96895833333333314        1.0320361212642444     
   2.7499999999999987       0.96422453703703703        1.0371028340275361     
   2.7999999999999985       0.96278935185185199        1.0386487948548415     
   2.8499999999999983       0.95847222222222195        1.0433270540501380     
   2.8999999999999981       0.95457175925925930        1.0475901788420734     
   2.9499999999999980       0.94981481481481511        1.0528368102944041     
   2.9999999999999978       0.94700231481481512        1.0559636279194824     
   3.0499999999999976       0.93979166666666658        1.0640656173797385     
   3.0999999999999974       0.93449074074074079        1.0701015605647757     
   3.1499999999999972       0.93157407407407378        1.0734519431468048     
   3.1999999999999971       0.92511574074074066        1.0809458275991493     
   3.2499999999999969       0.91788194444444438        1.0894647247966711     
   3.2999999999999967       0.91269675925925908        1.0956541587937660     
   3.3499999999999965       0.90752314814814816        1.1019002678229817     
   3.3999999999999964       0.90180555555555542        1.1088864931464657     
   3.4499999999999962       0.88693287037037061        1.1274810455298767     
   3.4999999999999960       0.88079861111111124        1.1353333070524696     
   3.5499999999999958       0.87262731481481481        1.1459645865110419     
   3.5999999999999956       0.86310185185185195        1.1586118114037438     
   3.6499999999999955       0.84728009259259240        1.1802472508708424     
   3.6999999999999953       0.83572916666666708        1.1965598903153427     
   3.7499999999999951       0.83246527777777779        1.2012513034410846     
   3.7999999999999949       0.82082175925925926        1.2182912900633116     
   3.8499999999999948       0.80197916666666680        1.2469151837901025     
   3.8999999999999946       0.77880787037037047        1.2840137318135205     
   3.9499999999999944       0.76825231481481493        1.3016556939903881     
   3.9999999999999942       0.75385416666666671        1.3265165123670029     
   4.0499999999999945       0.73418981481481471        1.3620455906926887     
   4.0999999999999943       0.70758101851851862        1.4132657233990347     
   4.1499999999999941       0.68254629629629626        1.4651020823441634     
   4.1999999999999940       0.65820601851851834        1.5192811549350265     
   4.2499999999999938       0.64555555555555566        1.5490533562822717     
   4.2999999999999936       0.58935185185185190        1.6967792615868027     
   4.3499999999999934       0.49726851851851855        2.0109859417186482     
   4.3999999999999932      -0.21054398148148148       -4.7496014512671101     
   4.4499999999999931       0.37810185185185169        2.6447900085710798     
   4.4999999999999929       0.34945601851851854        2.8615904348690093     
   4.5499999999999927        4.7569444444444109E-003   210.21897810219127     
   4.5999999999999925      -0.22958333333333331       -4.3557168784029043     
   4.6499999999999924        8.6423611111111090E-002   11.570912012856573     
   4.6999999999999922       -1.0613425925925925E-002  -94.220283533260641     
   4.7499999999999920        4.7511574074074060E-002   21.047503045066996     
   4.7999999999999918        5.2199074074074057E-003   191.57427937915750     
   4.8499999999999917       -1.2731481481481481E-002  -78.545454545454547     
   4.8999999999999915        6.8518518518518642E-003   145.94594594594568     
   4.9499999999999913       -3.6851851851851851E-002  -27.135678391959800     
   4.9999999999999911        5.5775462962962957E-002   17.929030919277860     
   5.0499999999999909        5.3124999999999985E-002   18.823529411764710     
   5.0999999999999908       -2.6284722222222230E-002  -38.044914134742392     
   5.1499999999999906        2.0370370370370390E-003   490.90909090909042     
   5.1999999999999904        1.5960648148148137E-002   62.654097171863711     
   5.2499999999999902        3.5856481481481475E-002   27.888960619754684     
   5.2999999999999901        3.7731481481481496E-003   265.03067484662569     
   5.3499999999999899       -1.9942129629629636E-002  -50.145095763203699     
   5.3999999999999897        2.1203703703703718E-002   47.161572052401716     
   5.4499999999999895        7.9976851851851823E-003   125.03617945007241     
   5.4999999999999893        4.2013888888888882E-003   238.01652892561987     
   5.5499999999999892       -1.2673611111111113E-002  -78.904109589041084     
   5.5999999999999890       -1.7581018518518524E-002  -56.879526003949948     
   5.6499999999999888        6.7824074074074028E-003   147.44027303754277     
   5.6999999999999886       -3.2870370370370371E-003  -304.22535211267603     
   5.7499999999999885        1.5358796296296304E-002   65.109269027882405     
   5.7999999999999883       -3.8888888888888896E-003  -257.14285714285711     
   5.8499999999999881        5.2662037037037052E-003   189.89010989010984     
   5.8999999999999879        1.1574074074074084E-003   863.99999999999920     
   5.9499999999999877       -6.0069444444444432E-003  -166.47398843930640     
   5.9999999999999876       -1.2060185185185188E-002  -82.917466410748546     
   6.0499999999999874       -1.0844907407407409E-002  -92.209178228388467     
   6.0999999999999872       -4.3634259259259294E-003  -229.17771883289106     
   6.1499999999999870        6.8402777777777733E-003   146.19289340101531     
   6.1999999999999869        2.1875000000000006E-003   457.14285714285700     
   6.2499999999999867        8.9583333333333338E-003   111.62790697674419     
   6.2999999999999865        1.1724537037037037E-002   85.291214215202373     
   6.3499999999999863        2.1990740740740713E-004   4547.3684210526371     
   6.3999999999999861       -7.8009259259259290E-003  -128.18991097922844     
   6.4499999999999860       -4.5833333333333342E-003  -218.18181818181813     
   6.4999999999999858       -9.2476851851851869E-003  -108.13516896120149     
   6.5499999999999856        8.8541666666666664E-003   112.94117647058823     
   6.5999999999999854        5.6597222222222266E-003   176.68711656441704     
   6.6499999999999853       -5.1504629629629617E-003  -194.15730337078656     
   6.6999999999999851       -1.2500000000000009E-003  -799.99999999999943     
   6.7499999999999849       -3.9699074074074064E-003  -251.89504373177849     
   6.7999999999999847       -7.8703703703703813E-004  -1270.5882352941160     
   6.8499999999999845       -1.0509259259259255E-002  -95.154185022026468     
   6.8999999999999844       -2.8240740740740743E-003  -354.09836065573768     
   6.9499999999999842        1.2268518518518535E-003   815.09433962264040     
   6.9999999999999840       -6.7939814814814850E-003  -147.18909710391816     
   7.0499999999999838        2.6967592592592612E-003   370.81545064377656     
   7.0999999999999837       -2.0949074074074069E-003  -477.34806629834264     
   7.1499999999999835        4.3749999999999995E-003   228.57142857142858     
   7.1999999999999833        8.3217592592592579E-003   120.16689847009738     
   7.2499999999999831       -7.9745370370370369E-003  -125.39912917271408     
   7.2999999999999829        8.1018518518518603E-004   1234.2857142857131     
   7.3499999999999828       -3.2407407407407325E-004  -3085.7142857142935     
   7.3999999999999826        2.1296296296296267E-003   469.56521739130500     
   7.4499999999999824        2.6620370370370378E-003   375.65217391304338     
   7.4999999999999822        2.3148148148149577E-005   43199.999999997337     
   7.5499999999999821       -1.8518518518518517E-003  -540.00000000000000     
   7.5999999999999819       -4.1666666666666666E-003  -240.00000000000000     
   7.6499999999999817        1.4699074074074078E-003   680.31496062992107     
   7.6999999999999815        4.5023148148148149E-003   222.10796915167094     
   7.7499999999999813       -1.8749999999999975E-003  -533.33333333333405     
   7.7999999999999812       -3.5069444444444427E-003  -285.14851485148529     
   7.8499999999999810        1.4351851851851850E-003   696.77419354838719     
   7.8999999999999808        2.3958333333333314E-003   417.39130434782641     
   7.9499999999999806        4.5138888888888887E-004   2215.3846153846157     
   7.9999999999999805        2.2222222222222227E-003   449.99999999999989     
