  0.50000000000000000        1.0000000000000007       0.99999999999999933     
  0.55000000000000004        1.0000000000000007       0.99999999999999933     
  0.60000000000000009        1.0000000000000007       0.99999999999999933     
  0.65000000000000013        1.0000000000000007       0.99999999999999933     
  0.70000000000000018        1.0000000000000007       0.99999999999999933     
  0.75000000000000022        1.0000000000000007       0.99999999999999933     
  0.80000000000000027        1.0000000000000007       0.99999999999999933     
  0.85000000000000031        1.0000000000000007       0.99999999999999933     
  0.90000000000000036        1.0000000000000007       0.99999999999999933     
  0.95000000000000040        1.0000000000000007       0.99999999999999933     
   1.0000000000000004        1.0000000000000007       0.99999999999999933     
   1.0500000000000005        1.0000000000000007       0.99999999999999933     
   1.1000000000000005        1.0000000000000007       0.99999999999999933     
   1.1500000000000006        1.0000000000000007       0.99999999999999933     
   1.2000000000000006        1.0000000000000007       0.99999999999999933     
   1.2500000000000007        1.0000000000000007       0.99999999999999933     
   1.3000000000000007       0.99968750000000062        1.0003125976867766     
   1.3500000000000008       0.99937500000000068        1.0006253908692926     
   1.4000000000000008       0.99937500000000068        1.0006253908692926     
   1.4500000000000008       0.99937500000000068        1.0006253908692926     
   1.5000000000000009       0.99906250000000063        1.0009383797309972     
   1.5500000000000009       0.99937500000000068        1.0006253908692926     
   1.6000000000000010       0.99906250000000063        1.0009383797309972     
   1.6500000000000010       0.99843750000000064        1.0015649452269164     
   1.7000000000000011       0.99781250000000066        1.0021922956467266     
   1.7500000000000011       0.99843750000000053        1.0015649452269164     
   1.8000000000000012       0.99562500000000065        1.0043942247332072     
   1.8500000000000012       0.99500000000000033        1.0050251256281404     
   1.9000000000000012       0.99687500000000040        1.0031347962382442     
   1.9500000000000013       0.99625000000000064        1.0037641154328727     
   2.0000000000000013       0.99531250000000027        1.0047095761381473     
   2.0500000000000012       0.99156250000000012        1.0085092971950833     
   2.1000000000000010       0.99187500000000040        1.0081915563957149     
   2.1500000000000008       0.98875000000000013        1.0113780025284449     
   2.2000000000000006       0.99000000000000032        1.0101010101010097     
   2.2500000000000004       0.99031250000000004        1.0097822656989586     
   2.3000000000000003       0.99062500000000020        1.0094637223974761     
   2.3500000000000001       0.98249999999999982        1.0178117048346058     
   2.3999999999999999       0.98093750000000013        1.0194329404268874     
   2.4499999999999997       0.97937500000000022        1.0210593490746647     
   2.4999999999999996       0.98218749999999977        1.0181355392936686     
   2.5499999999999994       0.97843749999999974        1.0220376876397319     
   2.5999999999999992       0.97875000000000034        1.0217113665389523     
   2.6499999999999990       0.97031249999999991        1.0305958132045090     
   2.6999999999999988       0.96249999999999991        1.0389610389610391     
   2.7499999999999987       0.96718749999999998        1.0339256865912763     
   2.7999999999999985       0.96124999999999972        1.0403120936280887     
   2.8499999999999983       0.95468750000000013        1.0474631751227494     
   2.8999999999999981       0.95781249999999996        1.0440456769983688     
   2.9499999999999980       0.94781249999999972        1.0550609957138151     
   2.9999999999999978       0.95031249999999989        1.0522854324235451     
   3.0499999999999976       0.94062499999999993        1.0631229235880399     
   3.0999999999999974       0.93281249999999993        1.0720268006700169     
   3.1499999999999972       0.92999999999999994        1.0752688172043012     
   3.1999999999999971       0.91968749999999999        1.0873258579680598     
   3.2499999999999969       0.93156249999999985        1.0734652801073468     
   3.2999999999999967       0.91312499999999985        1.0951403148528407     
   3.3499999999999965       0.90624999999999978        1.1034482758620692     
   3.3999999999999964       0.89749999999999985        1.1142061281337050     
   3.4499999999999962       0.87031250000000004        1.1490125673249552     
   3.4999999999999960      -0.87281249999999988       -1.1457214464733263     
   3.5499999999999958       0.86593750000000014        1.1548177553229879     
   3.5999999999999956      -0.81624999999999981       -1.2251148545176114     
   3.6499999999999955      -0.81999999999999995       -1.2195121951219512     
   3.6999999999999953      -0.86406249999999996       -1.1573236889692586     
   3.7499999999999951       0.81031249999999999        1.2340917855765523     
   3.7999999999999949      -0.76124999999999954       -1.3136288998357972     
   3.8499999999999948      -0.78656249999999983       -1.2713547874453717     
   3.8999999999999946      -0.64781250000000024       -1.5436565364206458     
   3.9499999999999944      -0.30531250000000010       -3.2753326509723633     
   3.9999999999999942       0.10281250000000020        9.7264437689969423     
   4.0499999999999945       0.53218749999999992        1.8790369935408107     
   4.0999999999999943      -0.63312499999999994       -1.5794669299111552     
   4.1499999999999941       0.54562499999999992        1.8327605956471940     
   4.1999999999999940      -0.33749999999999997       -2.9629629629629632     
   4.2499999999999938       0.25937499999999997        3.8554216867469884     
   4.2999999999999936       0.10312500000000006        9.6969696969696901     
   4.3499999999999934       0.15000000000000002        6.6666666666666661     
   4.3999999999999932       0.29781249999999992        3.3578174186778602     
   4.4499999999999931       0.25999999999999995        3.8461538461538467     
   4.4999999999999929       -1.3124999999999982E-002  -76.190476190476289     
   4.5499999999999927      -0.18062500000000006       -5.5363321799307936     
   4.5999999999999925       -2.1875000000000030E-002  -45.714285714285651     
   4.6499999999999924        5.0000000000000096E-003   199.99999999999960     
   4.6999999999999922      -0.15562500000000004       -6.4257028112449781     
   4.7499999999999920       0.15468750000000001        6.4646464646464645     
   4.7999999999999918      -0.10906250000000002       -9.1690544412607426     
   4.8499999999999917      -0.14968750000000003       -6.6805845511482245     
   4.8999999999999915        1.2812499999999994E-002   78.048780487804919     
   4.9499999999999913       -4.4999999999999998E-002  -22.222222222222221     
   4.9999999999999911       -4.0624999999999759E-003  -246.15384615384761     
   5.0499999999999909       0.19468750000000004        5.1364365971107535     
   5.0999999999999908        5.6249999999999937E-003   177.77777777777797     
   5.1499999999999906       -3.2187500000000001E-002  -31.067961165048544     
   5.1999999999999904       -1.3437499999999982E-002  -74.418604651162894     
   5.2499999999999902        7.0625000000000007E-002   14.159292035398229     
   5.2999999999999901       -5.4062499999999999E-002  -18.497109826589597     
   5.3499999999999899       -9.2812499999999978E-002  -10.774410774410777     
   5.3999999999999897       -1.1562499999999998E-002  -86.486486486486498     
   5.4499999999999895        2.9687499999999978E-002   33.684210526315816     
   5.4999999999999893        5.0624999999999996E-002   19.753086419753089     
   5.5499999999999892        1.2500000000000120E-003   799.99999999999238     
   5.5999999999999890       -1.5937500000000000E-002  -62.745098039215684     
   5.6499999999999888        3.7812499999999985E-002   26.446280991735549     
   5.6999999999999886        8.4375000000000058E-003   118.51851851851843     
   5.7499999999999885        7.3750000000000024E-002   13.559322033898301     
   5.7999999999999883        2.1562499999999998E-002   46.376811594202906     
   5.8499999999999881       -7.1875000000000055E-003  -139.13043478260860     
   5.8999999999999879       -5.3749999999999992E-002  -18.604651162790699     
   5.9499999999999877        4.0000000000000001E-002   25.000000000000000     
   5.9999999999999876       -6.4374999999999988E-002  -15.533980582524276     
   6.0499999999999874        3.1250000000000700E-004   3199.9999999999281     
   6.0999999999999872        1.2499999999999961E-003   800.00000000000250     
   6.1499999999999870       -5.6250000000000119E-003  -177.77777777777740     
   6.1999999999999869        4.6562499999999986E-002   21.476510067114102     
   6.2499999999999867        2.2187500000000006E-002   45.070422535211257     
   6.2999999999999865       -2.2187499999999988E-002  -45.070422535211293     
   6.3499999999999863        2.6249999999999996E-002   38.095238095238102     
   6.3999999999999861       -2.3437500000000007E-002  -42.666666666666657     
   6.4499999999999860        2.5000000000000001E-003   400.00000000000000     
   6.4999999999999858       -1.4687499999999997E-002  -68.085106382978736     
   6.5499999999999856        3.4999999999999996E-002   28.571428571428573     
   6.5999999999999854       -2.5937500000000009E-002  -38.554216867469869     
   6.6499999999999853        1.5000000000000005E-002   66.666666666666643     
   6.6999999999999851       -1.1874999999999998E-002  -84.210526315789480     
   6.7499999999999849        1.2812500000000004E-002   78.048780487804848     
   6.7999999999999847        1.4374999999999990E-002   69.565217391304401     
   6.8499999999999845       -1.5937500000000000E-002  -62.745098039215684     
   6.8999999999999844        9.9999999999999985E-003   100.00000000000001     
   6.9499999999999842        8.1249999999999933E-003   123.07692307692318     
   6.9999999999999840       -3.4687499999999996E-002  -28.828828828828833     
   7.0499999999999838       -4.6875000000000068E-003  -213.33333333333303     
   7.0999999999999837        1.1875000000000002E-002   84.210526315789465     
   7.1499999999999835       -1.8749999999999986E-003  -533.33333333333371     
   7.1999999999999833        4.3749999999999978E-003   228.57142857142870     
   7.2499999999999831       -3.0000000000000002E-002  -33.333333333333329     
   7.2999999999999829       -1.8749999999999996E-002  -53.333333333333343     
   7.3499999999999828        4.1250000000000009E-002   24.242424242424239     
   7.3999999999999826       -2.2187499999999982E-002  -45.070422535211307     
   7.4499999999999824        1.8437499999999999E-002   54.237288135593225     
   7.4999999999999822        1.0000000000000005E-002   99.999999999999943     
   7.5499999999999821        3.4374999999999965E-003   290.90909090909122     
   7.5999999999999819        2.1562500000000009E-002   46.376811594202877     
   7.6499999999999817       -2.1875000000000080E-003  -457.14285714285546     
   7.6999999999999815       -4.5937500000000020E-002  -21.768707482993189     
   7.7499999999999813       -1.8750000000000088E-003  -533.33333333333087     
   7.7999999999999812        1.1874999999999995E-002   84.210526315789508     
   7.8499999999999810       -8.1250000000000037E-003  -123.07692307692302     
   7.8999999999999808       -4.3750000000000030E-003  -228.57142857142841     
   7.9499999999999806       -2.3437500000000000E-002  -42.666666666666664     
   7.9999999999999805       -3.0937499999999986E-002  -32.323232323232340     
