  0.50000000000000000        1.0000000000000007       0.99999999999999933     
  0.55000000000000004        1.0000000000000007       0.99999999999999933     
  0.60000000000000009        1.0000000000000007       0.99999999999999933     
  0.65000000000000013        1.0000000000000007       0.99999999999999933     
  0.70000000000000018        1.0000000000000007       0.99999999999999933     
  0.75000000000000022        1.0000000000000007       0.99999999999999933     
  0.80000000000000027        1.0000000000000007       0.99999999999999933     
  0.85000000000000031        1.0000000000000007       0.99999999999999933     
  0.90000000000000036        1.0000000000000007       0.99999999999999933     
  0.95000000000000040        1.0000000000000007       0.99999999999999933     
   1.0000000000000004        1.0000000000000007       0.99999999999999933     
   1.0500000000000005        1.0000000000000007       0.99999999999999933     
   1.1000000000000005        1.0000000000000007       0.99999999999999933     
   1.1500000000000006        1.0000000000000007       0.99999999999999933     
   1.2000000000000006       0.99990740740740813        1.0000926011667739     
   1.2500000000000007       0.99990740740740802        1.0000926011667741     
   1.3000000000000007       0.99972222222222273        1.0002778549597104     
   1.3500000000000008       0.99972222222222296        1.0002778549597102     
   1.4000000000000008       0.99981481481481549        1.0001852194850891     
   1.4500000000000008       0.99916666666666720        1.0008340283569637     
   1.5000000000000009       0.99935185185185238        1.0006485685166306     
   1.5500000000000009       0.99907407407407456        1.0009267840593137     
   1.6000000000000010       0.99916666666666709        1.0008340283569637     
   1.6500000000000010       0.99888888888888927        1.0011123470522800     
   1.7000000000000011       0.99796296296296338        1.0020411950269061     
   1.7500000000000011       0.99750000000000028        1.0025062656641601     
   1.8000000000000012       0.99805555555555603        1.0019482326746447     
   1.8500000000000012       0.99648148148148175        1.0035309422040510     
   1.9000000000000012       0.99601851851851841        1.0039973970437857     
   1.9500000000000013       0.99574074074074059        1.0042774781476662     
   2.0000000000000013       0.99342592592592582        1.0066175785254918     
   2.0500000000000012       0.99333333333333340        1.0067114093959730     
   2.1000000000000010       0.99166666666666681        1.0084033613445376     
   2.1500000000000008       0.99129629629629579        1.0087801232953488     
   2.2000000000000006       0.98972222222222206        1.0103845074375528     
   2.2500000000000004       0.98824074074074031        1.0118991848589904     
   2.3000000000000003       0.98796296296296293        1.0121836925960637     
   2.3500000000000001       0.98435185185185159        1.0158969052770204     
   2.3999999999999999       0.98472222222222172        1.0155148095909736     
   2.4499999999999997       0.98259259259259246        1.0177157934413872     
   2.4999999999999996       0.98055555555555540        1.0198300283286121     
   2.5499999999999994       0.97722222222222221        1.0233086981239341     
   2.5999999999999992       0.97537037037037022        1.0252515663565598     
   2.6499999999999990       0.97101851851851873        1.0298464765900637     
   2.6999999999999988       0.97074074074074024        1.0301411674933236     
   2.7499999999999987       0.96824074074074107        1.0328009945491055     
   2.7999999999999985       0.96203703703703713        1.0394610202117420     
   2.8499999999999983       0.95629629629629631        1.0457010069713399     
   2.8999999999999981       0.95814814814814808        1.0436799381523001     
   2.9499999999999980       0.95166666666666644        1.0507880910683014     
   2.9999999999999978       0.95324074074074105        1.0490529383195724     
   3.0499999999999976       0.94009259259259248        1.0637250073869793     
   3.0999999999999974       0.94185185185185172        1.0617381046008654     
   3.1499999999999972       0.92620370370370386        1.0796760971708486     
   3.1999999999999971       0.92722222222222217        1.0784901138406231     
   3.2499999999999969       0.91175925925925938        1.0967807454046916     
   3.2999999999999967       0.91259259259259229        1.0957792207792212     
   3.3499999999999965       0.90388888888888852        1.1063306699446840     
   3.3999999999999964       0.89851851851851849        1.1129431162407255     
   3.4499999999999962       0.88453703703703701        1.1305349104993196     
   3.4999999999999960       0.88935185185185139        1.1244143675169189     
   3.5499999999999958       0.87657407407407395        1.1408049012358721     
   3.5999999999999956       0.87074074074074082        1.1484474691620585     
   3.6499999999999955       0.84287037037037027        1.1864220586619798     
   3.6999999999999953       0.83638888888888874        1.1956160743938893     
   3.7499999999999951       0.82407407407407429        1.2134831460674154     
   3.7999999999999949       0.82379629629629636        1.2138923232550296     
   3.8499999999999948       0.81351851851851831        1.2292283177782839     
   3.8999999999999946       0.74675925925925957        1.3391196528208302     
   3.9499999999999944       0.73305555555555557        1.3641530882910193     
   3.9999999999999942       0.73527777777777792        1.3600302228938419     
   4.0499999999999945       0.66537037037037028        1.5029223490119679     
   4.0999999999999943       0.70944444444444443        1.4095536413469067     
   4.1499999999999941       0.66805555555555551        1.4968814968814970     
   4.1999999999999940       0.38037037037037041        2.6290165530671858     
   4.2499999999999938      -0.32074074074074077       -3.1177829099307157     
   4.2999999999999936       0.60666666666666724        1.6483516483516467     
   4.3499999999999934      -0.28370370370370374       -3.5248041775456915     
   4.3999999999999932       0.18648148148148141        5.3624627606752746     
   4.4499999999999931       0.16657407407407399        6.0033351862145672     
   4.4999999999999929       -1.9814814814814893E-002  -50.467289719625967     
   4.5499999999999927       0.14074074074074081        7.1052631578947336     
   4.5999999999999925       0.31037037037037019        3.2219570405727942     
   4.6499999999999924        5.8055555555555582E-002   17.224880382775112     
   4.6999999999999922       -9.8148148148147953E-003  -101.88679245283039     
   4.7499999999999920       -1.7037037037037035E-002  -58.695652173913054     
   4.7999999999999918       0.15944444444444447        6.2717770034843197     
   4.8499999999999917       -8.3611111111111122E-002  -11.960132890365447     
   4.8999999999999915       -5.7222222222222230E-002  -17.475728155339805     
   4.9499999999999913       -4.6388888888888896E-002  -21.556886227544908     
   4.9999999999999911       -3.2685185185185185E-002  -30.594900849858355     
   5.0499999999999909        6.6666666666666463E-003   150.00000000000045     
   5.0999999999999908       -9.5370370370370314E-003  -104.85436893203889     
   5.1499999999999906        2.9259259259259242E-002   34.177215189873436     
   5.1999999999999904        1.7962962962962962E-002   55.670103092783506     
   5.2499999999999902        6.4166666666666664E-002   15.584415584415586     
   5.2999999999999901        2.9074074074074072E-002   34.394904458598731     
   5.3499999999999899       -4.7962962962962957E-002  -20.849420849420852     
   5.3999999999999897        3.6666666666666667E-002   27.272727272727273     
   5.4499999999999895        3.4907407407407415E-002   28.647214854111400     
   5.4999999999999893        2.9166666666666667E-002   34.285714285714285     
   5.5499999999999892        2.8240740740740736E-002   35.409836065573778     
   5.5999999999999890        2.0462962962962957E-002   48.868778280542998     
   5.6499999999999888        3.2500000000000008E-002   30.769230769230763     
   5.6999999999999886        2.4074074074074074E-002   41.538461538461540     
   5.7499999999999885        1.3425925925925930E-002   74.482758620689637     
   5.7999999999999883        4.7037037037037030E-002   21.259842519685044     
   5.8499999999999881        1.8611111111111106E-002   53.731343283582106     
   5.8999999999999879        1.7592592592592625E-003   568.42105263157794     
   5.9499999999999877        7.3703703703703688E-002   13.567839195979902     
   5.9999999999999876        1.5370370370370371E-002   65.060240963855421     
   6.0499999999999874        7.9629629629629599E-003   125.58139534883726     
   6.0999999999999872        1.8425925925925919E-002   54.271356783919622     
   6.1499999999999870        2.0185185185185184E-002   49.541284403669728     
   6.1999999999999869       -6.9444444444444354E-003  -144.00000000000020     
   6.2499999999999867        8.7037037037037083E-003   114.89361702127654     
   6.2999999999999865        9.6296296296296303E-003   103.84615384615384     
   6.3499999999999863       -2.7685185185185191E-002  -36.120401337792636     
   6.3999999999999861        2.4629629629629647E-002   40.601503759398469     
   6.4499999999999860       -7.0370370370370370E-003  -142.10526315789474     
   6.4999999999999858        1.9722222222222217E-002   50.704225352112687     
   6.5499999999999856       -1.0092592592592601E-002  -99.082568807339371     
   6.5999999999999854        5.0925925925925904E-003   196.36363636363646     
   6.6499999999999853        6.1111111111111114E-003   163.63636363636363     
   6.6999999999999851        8.7962962962962968E-003   113.68421052631578     
   6.7499999999999849        9.7222222222222154E-003   102.85714285714293     
   6.7999999999999847        7.6851851851851873E-003   130.12048192771081     
   6.8499999999999845        1.3611111111111119E-002   73.469387755102005     
   6.8999999999999844       -6.0185185185185151E-003  -166.15384615384625     
   6.9499999999999842       -1.3703703703703704E-002  -72.972972972972968     
   6.9999999999999840       -1.4907407407407406E-002  -67.080745341614914     
   7.0499999999999838        9.2592592592592737E-004   1079.9999999999984     
   7.0999999999999837        5.3703703703703734E-003   186.20689655172404     
   7.1499999999999835        3.3333333333333305E-003   300.00000000000023     
   7.1999999999999833       -1.2777777777777777E-002  -78.260869565217391     
   7.2499999999999831       -3.4259259259259290E-003  -291.89189189189165     
   7.2999999999999829       -3.4259259259259295E-003  -291.89189189189159     
   7.3499999999999828       -1.6666666666666646E-003  -600.00000000000080     
   7.3999999999999826        5.2777777777777788E-003   189.47368421052627     
   7.4499999999999824        7.5000000000000006E-003   133.33333333333331     
   7.4999999999999822       -3.7962962962962963E-003  -263.41463414634148     
   7.5499999999999821        1.9814814814814813E-002   50.467289719626173     
   7.5999999999999819        1.0185185185185199E-003   981.81818181818039     
   7.6499999999999817       -7.6851851851851847E-003  -130.12048192771084     
   7.6999999999999815        1.1666666666666664E-002   85.714285714285737     
   7.7499999999999813        3.3333333333333335E-003   300.00000000000000     
   7.7999999999999812       -9.1666666666666684E-003  -109.09090909090907     
   7.8499999999999810       -6.6666666666666680E-003  -149.99999999999997     
   7.8999999999999808        1.8333333333333337E-002   54.545454545454533     
   7.9499999999999806        8.6111111111111145E-003   116.12903225806447     
   7.9999999999999805        1.2962962962962939E-003   771.42857142857292     
