  0.50000000000000000        1.0000000000000007       0.99999999999999933     
  0.55000000000000004        1.0000000000000007       0.99999999999999933     
  0.60000000000000009        1.0000000000000007       0.99999999999999933     
  0.65000000000000013        1.0000000000000007       0.99999999999999933     
  0.70000000000000018        1.0000000000000007       0.99999999999999933     
  0.75000000000000022        1.0000000000000007       0.99999999999999933     
  0.80000000000000027        1.0000000000000007       0.99999999999999933     
  0.85000000000000031        1.0000000000000007       0.99999999999999933     
  0.90000000000000036        1.0000000000000007       0.99999999999999933     
  0.95000000000000040        1.0000000000000007       0.99999999999999933     
   1.0000000000000004        1.0000000000000007       0.99999999999999933     
   1.0500000000000005        1.0000000000000007       0.99999999999999933     
   1.1000000000000005       0.99996093750000070        1.0000390640259378     
   1.1500000000000006        1.0000000000000007       0.99999999999999933     
   1.2000000000000006       0.99988281250000066        1.0001172012345190     
   1.2500000000000007       0.99992187500000074        1.0000781311039917     
   1.3000000000000007       0.99984375000000070        1.0001562744178771     
   1.3500000000000008       0.99968750000000073        1.0003125976867764     
   1.4000000000000008       0.99976562500000077        1.0002344299445174     
   1.4500000000000008       0.99960937500000080        1.0003907776475178     
   1.5000000000000009       0.99925781250000101        1.0007427387514161     
   1.5500000000000009       0.99925781250000068        1.0007427387514163     
   1.6000000000000010       0.99867187500000099        1.0013298912618311     
   1.6500000000000010       0.99824218750000082        1.0017609078458218     
   1.7000000000000011       0.99851562500000079        1.0014865816446279     
   1.7500000000000011       0.99796875000000085        1.0020353843745098     
   1.8000000000000012       0.99757812500000098        1.0024277547184577     
   1.8500000000000012       0.99660156250000076        1.0034100262611210     
   1.9000000000000012       0.99554687500000061        1.0044730440241696     
   1.9500000000000013       0.99613281250000085        1.0038822006980110     
   2.0000000000000013       0.99406250000000118        1.0059729644765785     
   2.0500000000000012       0.99265625000000068        1.0073980796474100     
   2.1000000000000010       0.99265625000000035        1.0073980796474102     
   2.1500000000000008       0.99242187500000101        1.0076359914980704     
   2.2000000000000006       0.98957031250000038        1.0105396123633201     
   2.2500000000000004       0.98925781250000089        1.0108588351431382     
   2.3000000000000003       0.98828125000000044        1.0118577075098809     
   2.3500000000000001       0.98601562500000006        1.0141827113540922     
   2.3999999999999999       0.98218749999999988        1.0181355392936686     
   2.4499999999999997       0.98113281250000017        1.0192300035832302     
   2.4999999999999996       0.97718750000000010        1.0233450591621360     
   2.5499999999999994       0.97789062500000001        1.0226092514180714     
   2.5999999999999992       0.97480468750000027        1.0258465237427365     
   2.6499999999999990       0.97238281249999947        1.0284015586711128     
   2.6999999999999988       0.96667968750000033        1.0344688245039799     
   2.7499999999999987       0.96503906249999960        1.0362274843149164     
   2.7999999999999985       0.96523437499999976        1.0360178065560504     
   2.8499999999999983       0.95699218749999970        1.0449406098208094     
   2.8999999999999981       0.95371093749999980        1.0485357362277290     
   2.9499999999999980       0.94898437499999944        1.0537581295793206     
   2.9999999999999978       0.94652343749999956        1.0564978746234168     
   3.0499999999999976       0.93890624999999994        1.0650690630720587     
   3.0999999999999974       0.94160156249999993        1.0620203277328355     
   3.1499999999999972       0.92882812500000000        1.0766254520985785     
   3.1999999999999971       0.92601562500000001        1.0798953851345652     
   3.2499999999999969       0.91773437500000010        1.0896399080616326     
   3.2999999999999967       0.90812499999999985        1.1011699931176877     
   3.3499999999999965       0.89988281250000035        1.1112558058775011     
   3.3999999999999964       0.89800781250000006        1.1135760581147505     
   3.4499999999999962       0.88511718750000012        1.1297939008782381     
   3.4999999999999960       0.88855468750000011        1.1254231327207982     
   3.5499999999999958       0.87640624999999972        1.1410233553218045     
   3.5999999999999956       0.85714843749999980        1.1666590712300053     
   3.6499999999999955       0.85070312500000000        1.1754982092019468     
   3.6999999999999953       0.83855468749999962        1.1925280663343742     
   3.7499999999999951       0.83425781249999997        1.1986702252188979     
   3.7999999999999949       0.80644531249999996        1.2400096875756843     
   3.8499999999999948       0.79910156249999997        1.2514053869091264     
   3.8999999999999946       0.78308593750000000        1.2769990522272658     
   3.9499999999999944       0.78542968749999997        1.2731884418361765     
   3.9999999999999942       0.75730468750000002        1.3204724815598081     
   4.0499999999999945       0.72687500000000016        1.3757523645743763     
   4.0999999999999943       0.69726562499999978        1.4341736694677876     
   4.1499999999999941       0.71003906250000026        1.4083732189030087     
   4.1999999999999940       0.66332031250000023        1.5075672810788523     
   4.2499999999999938       0.59558593750000000        1.6790188233750902     
   4.2999999999999936       0.60558593750000000        1.6512932980713411     
   4.3499999999999934       0.56664062499999990        1.7647869846959883     
   4.3999999999999932       0.21429687499999997        4.6664236237695960     
   4.4499999999999931       -2.9414062500000029E-002  -33.997343957503290     
   4.4999999999999929      -0.19925781249999999       -5.0186237992550486     
   4.5499999999999927      -0.39832031249999983       -2.5105423163675602     
   4.5999999999999925       0.16246093749999999        6.1553257994710275     
   4.6499999999999924       0.15308593750000005        6.5322786425108426     
   4.6999999999999922        4.4492187499999988E-002   22.475856014047416     
   4.7499999999999920       -8.1250000000000090E-003  -123.07692307692294     
   4.7999999999999918       -8.9726562500000009E-002  -11.144971702220285     
   4.8499999999999917        8.6914062500000014E-002   11.505617977528088     
   4.8999999999999915       -6.0156250000000131E-003  -166.23376623376586     
   4.9499999999999913        1.6210937500000012E-002   61.686746987951764     
   4.9999999999999911        5.3359375000000021E-002   18.740849194729130     
   5.0499999999999909       -7.4140625000000016E-002  -13.487881981032663     
   5.0999999999999908        2.2070312500000008E-002   45.309734513274321     
   5.1499999999999906       -3.1210937500000004E-002  -32.040050062578217     
   5.1999999999999904       -1.9257812499999999E-002  -51.926977687626781     
   5.2499999999999902        1.3750000000000007E-002   72.727272727272691     
   5.2999999999999901        5.8320312500000013E-002   17.146684527796378     
   5.3499999999999899       -1.4726562499999995E-002  -67.904509283819650     
   5.3999999999999897       -2.2109375000000007E-002  -45.229681978798574     
   5.4499999999999895        1.0898437499999995E-002   91.756272401433733     
   5.4999999999999893        6.4062500000000022E-003   156.09756097560970     
   5.5499999999999892       -1.1679687500000004E-002  -85.618729096989938     
   5.5999999999999890        1.0468749999999999E-002   95.522388059701498     
   5.6499999999999888       -4.1640624999999987E-002  -24.015009380863049     
   5.6999999999999886        4.5664062499999984E-002   21.899059024807535     
   5.7499999999999885       -2.0429687500000009E-002  -48.948374760994241     
   5.7999999999999883       -9.0234374999999985E-003  -110.82251082251084     
   5.8499999999999881        1.0429687500000008E-002   95.880149812734004     
   5.8999999999999879       -1.2226562500000003E-002  -81.789137380191676     
   5.9499999999999877        1.0156249999999979E-003   984.61538461538669     
   5.9999999999999876       -1.1289062499999999E-002  -88.581314878892741     
   6.0499999999999874        1.6835937500000009E-002   59.396751740139180     
   6.0999999999999872        1.9335937500000004E-002   51.717171717171709     
   6.1499999999999870       -2.0312499999999966E-003  -492.30769230769312     
   6.1999999999999869        1.3906250000000000E-002   71.910112359550567     
   6.2499999999999867       -1.2148437499999994E-002  -82.315112540192970     
   6.2999999999999865        1.0625000000000001E-002   94.117647058823522     
   6.3499999999999863       -1.6835937500000002E-002  -59.396751740139202     
   6.3999999999999861        9.7656250000000000E-003   102.40000000000001     
   6.4499999999999860       -4.9609375000000018E-003  -201.57480314960623     
   6.4999999999999858        1.7695312499999994E-002   56.512141280353219     
   6.5499999999999856       -2.5390625000000001E-003  -393.84615384615381     
   6.5999999999999854        5.0781250000000002E-003   196.92307692307691     
   6.6499999999999853        6.0937499999999993E-003   164.10256410256412     
   6.6999999999999851       -2.1484375000000006E-003  -465.45454545454533     
   6.7499999999999849       -1.8984375000000001E-002  -52.674897119341558     
   6.7999999999999847       -3.2812500000000003E-003  -304.76190476190476     
   6.8499999999999845       -4.3359375000000012E-003  -230.63063063063058     
   6.8999999999999844       -1.8476562500000005E-002  -54.122621564482017     
   6.9499999999999842       -6.4843749999999962E-003  -154.21686746987962     
   6.9999999999999840        1.0664062499999998E-002   93.772893772893795     
   7.0499999999999838       -5.2343750000000003E-003  -191.04477611940297     
   7.0999999999999837        1.0078124999999999E-002   99.224806201550408     
   7.1499999999999835       -7.2656250000000004E-003  -137.63440860215053     
   7.1999999999999833        5.4296874999999988E-003   184.17266187050365     
   7.2499999999999831        1.5039062500000002E-002   66.493506493506487     
   7.2999999999999829        7.8124999999998606E-005   12800.000000000229     
   7.3499999999999828       -4.7656249999999982E-003  -209.83606557377058     
   7.3999999999999826       -5.1953124999999968E-003  -192.48120300751893     
   7.4499999999999824        6.7578124999999991E-003   147.97687861271677     
   7.4999999999999822        8.5156250000000024E-003   117.43119266055042     
   7.5499999999999821        2.5390624999999984E-003   393.84615384615410     
   7.5999999999999819        4.4140624999999996E-003   226.54867256637169     
   7.6499999999999817       -5.2343749999999951E-003  -191.04477611940317     
   7.6999999999999815        5.3515624999999969E-003   186.86131386861325     
   7.7499999999999813        4.6874999999999998E-003   213.33333333333334     
   7.7999999999999812        1.0390624999999997E-002   96.240601503759422     
   7.8499999999999810        1.7968750000000001E-003   556.52173913043475     
   7.8999999999999808        1.1718750000000046E-004   8533.3333333332994     
   7.9499999999999806       -2.7343750000000209E-004  -3657.1428571428291     
   7.9999999999999805        8.5937500000000044E-004   1163.6363636363631     
