  0.50000000000000000        8.8746851837363828E-031   1.1268005335362038E+030
  0.55000000000000004        8.0678956215785297E-031   1.2394805868898243E+030
  0.60000000000000009        7.3955709864469848E-031   1.3521606402434450E+030
  0.65000000000000013        6.8266809105664468E-031   1.4648406935970655E+030
  0.70000000000000018        6.3390608455259862E-031   1.5775207469506858E+030
  0.75000000000000022        5.9164567891575868E-031   1.6902008003043063E+030
  0.80000000000000027        5.5466782398352375E-031   1.8028808536579269E+030
  0.85000000000000031        5.2204030492566939E-031   1.9155609070115474E+030
  0.90000000000000036        7.0826937248097946E-017   14118921964635072.     
  0.95000000000000040        6.7099203708724373E-017   14903306518225908.     
   1.0000000000000004        2.5395607096330404E-016   3937688893227905.0     
   1.0500000000000005        2.1419387618040974E-015   466866755405148.44     
   1.1000000000000005        9.3280722454281074E-015   107203286347843.41     
   1.1500000000000006        1.1781704200205963E-014   84877364344499.359     
   1.2000000000000006        1.4383044318490971E-014   69526310136887.430     
   1.2500000000000007        3.8209183634405396E-014   26171718547253.957     
   1.3000000000000007        6.9741244751777240E-014   14338717405449.186     
   1.3500000000000008        2.4220939700102038E-013   4128658971872.1245     
   1.4000000000000008        2.0470942671056492E-013   4884972890935.2207     
   1.4500000000000008        9.7370777380095205E-013   1027002173451.2953     
   1.5000000000000009        1.2359697049239114E-012   809081319725.03479     
   1.5500000000000009        2.2029495442645733E-012   453936860516.62946     
   1.6000000000000010        3.4620985262184870E-012   288842155249.76996     
   1.6500000000000010        4.9310216709446092E-012   202797729706.27310     
   1.7000000000000011        1.2785200439445521E-011   78215433910.191299     
   1.7500000000000011        1.1895735872033786E-011   84063736010.728394     
   1.8000000000000012        1.5875244103089085E-011   62991157396.150833     
   1.8500000000000012        2.8248618746809850E-011   35399960931.290886     
   1.9000000000000012        3.8131466315496639E-011   26225060209.488972     
   1.9500000000000013        4.5228943935544400E-011   22109735779.484402     
   2.0000000000000013        7.6912541148576743E-011   13001780789.796528     
   2.0500000000000012        1.0323408434463433E-010   9686723201.4343510     
   2.1000000000000010        1.3488453208084464E-010   7413748519.3679447     
   2.1500000000000008        1.5743991826403460E-010   6351629313.7484369     
   2.2000000000000006        2.7532898502747625E-010   3632018619.1083579     
   2.2500000000000004        3.6317951477102352E-010   2753459265.5383587     
   2.3000000000000003        3.3268043498188506E-010   3005887617.2097449     
   2.3500000000000001        5.3427234456837215E-010   1871704590.6762774     
   2.3999999999999999        6.5713246752631341E-010   1521763189.9461081     
   2.4499999999999997        7.6140564217458398E-010   1313360375.3499746     
   2.4999999999999996        1.2481537155764981E-009   801183369.90097356     
   2.5499999999999994        1.2630718002935654E-009   791720628.84119356     
   2.5999999999999992        1.7899156388014140E-009   558685548.25837076     
   2.6499999999999990        2.1832069546519478E-009   458041780.17535788     
   2.6999999999999988        3.2536985082677972E-009   307342551.08731008     
   2.7499999999999987        2.8850870371354078E-009   346609993.78129554     
   2.7999999999999985        4.4256379204502744E-009   225956126.09407905     
   2.8499999999999983        6.2424850206679626E-009   160192615.07062411     
   2.8999999999999981        6.5335160498547367E-009   153056943.97463575     
   2.9499999999999980        6.9247307851741873E-009   144409946.18028975     
   2.9999999999999978        7.9107813539569172E-009   126409763.49318604     
   3.0499999999999976        1.0124521360704938E-008   98770101.259421229     
   3.0999999999999974        1.1896734776462159E-008   84056677.633808628     
   3.1499999999999972        2.2516653593361351E-008   44411572.787833482     
   3.1999999999999971        1.8472157938322018E-008   54135526.739159010     
   3.2499999999999969        2.6044779787013025E-008   38395410.065960325     
   3.2999999999999967        4.2625968165123439E-008   23459877.700049516     
   3.3499999999999965        4.2848515043253529E-008   23338031.644516684     
   3.3999999999999964        5.3503074276391876E-008   18690514.769938145     
   3.4499999999999962        6.2026154620579766E-008   16122231.115520552     
   3.4999999999999960        7.9680495723444069E-008   12550122.723518323     
   3.5499999999999958        1.0312963069153891E-007   9696534.2869403232     
   3.5999999999999956        1.2142629480988388E-007   8235448.5209788494     
   3.6499999999999955        1.8762149395353079E-007   5329879.7431368669     
   3.6999999999999953        2.1924007099275301E-007   4561209.9807842840     
   3.7499999999999951        2.8908962092131684E-007   3459134.9105271949     
   3.7999999999999949        3.6696006603765863E-007   2725092.1627460597     
   3.8499999999999948        3.2440186600929456E-007   3082596.3250511903     
   3.8999999999999946        4.3812972203350583E-007   2282429.0380453244     
   3.9499999999999944        7.2346338786786244E-007   1382239.9540453951     
   3.9999999999999942        7.5195542149121477E-007   1329866.0684125186     
   4.0499999999999945        9.0447755758762740E-007   1105610.6274954404     
   4.0999999999999943        2.0981650957503744E-006   476606.91812355520     
   4.1499999999999941        3.0532722036897958E-006   327517.47413529898     
   4.1999999999999940        2.9801894873304093E-006   335549.13345318148     
   4.2499999999999938        7.2103139695340284E-006   138690.21574169060     
   4.2999999999999936        1.2857391899180575E-005   77776.271256360458     
   4.3499999999999934        1.3581629961135573E-002   73.628865081845376     
   4.3999999999999932        2.6643635112080669E-004   3753.2416120898733     
   4.4499999999999931        9.9453227190711825E-005   10054.977885055423     
   4.4999999999999929        9.8547424622013615E-004   1014.7398613769751     
   4.5499999999999927        3.0411221325096333E-003   328.82599133720663     
   4.5999999999999925        1.3107846216497653E-003   762.90184022863423     
   4.6499999999999924        5.9066138633432925E-004   1693.0173922592846     
   4.6999999999999922        4.5406221390481907E-004   2202.3413738841105     
   4.7499999999999920        3.3921915516867086E-004   2947.9467322615296     
   4.7999999999999918        1.8160930365105623E-004   5506.3258318604539     
   4.8499999999999917        3.1473601668484635E-004   3177.2658576959971     
   4.8999999999999915        1.7943143629850980E-004   5573.1594230587179     
   4.9499999999999913        1.8238305546391828E-004   5482.9654951023385     
   4.9999999999999911        6.5605001998334040E-005   15242.740180472729     
   5.0499999999999909        5.1863474756375354E-005   19281.392245649222     
   5.0999999999999908        3.6262745194011823E-005   27576.511227978765     
   5.1499999999999906        4.1666368251428141E-005   24000.171888408451     
   5.1999999999999904        3.8694089955810161E-005   25843.739990836602     
   5.2499999999999902        3.6626152217044604E-005   27302.895321191641     
   5.2999999999999901        2.6548663306832739E-005   37666.679803899329     
   5.3499999999999899        2.8329555909668388E-005   35298.823715719358     
   5.3999999999999897        1.9169347383296488E-005   52166.616839098329     
   5.4499999999999895        1.9676692265865864E-005   50821.550008928571     
   5.4999999999999893        1.4533187783909844E-005   68808.028552905089     
   5.5499999999999892        1.4720332361548835E-005   67933.248750015497     
   5.5999999999999890        1.1550712540249117E-005   86574.745628500663     
   5.6499999999999888        1.5654353191454645E-005   63879.994770136989     
   5.6999999999999886        1.3909990027408141E-005   71890.777637482664     
   5.7499999999999885        9.2550956459266090E-006   108048.58623369540     
   5.7999999999999883        1.0519389415617481E-005   95062.551683404978     
   5.8499999999999881        8.1726070664563275E-006   122359.97544827561     
   5.8999999999999879        9.5727290446838052E-006   104463.41846010443     
   5.9499999999999877        7.4113580268833638E-006   134928.03833962418     
   5.9999999999999876        7.4855098870244849E-006   133591.43399615539     
   6.0499999999999874        5.6394942233191043E-006   177320.86609204000     
   6.0999999999999872        4.9879894112262901E-006   200481.58036369036     
   6.1499999999999870        5.8278242042319435E-006   171590.62541279782     
   6.1999999999999869        5.0839394347850067E-006   196697.85858538433     
   6.2499999999999867        4.6437664311832228E-006   215342.44127459312     
   6.2999999999999865        4.4640478957257443E-006   224011.93341977452     
   6.3499999999999863        3.8553413443937096E-006   259380.40517583789     
   6.3999999999999861        3.5231286579482257E-006   283838.62671151292     
   6.4499999999999860        3.8815032205881291E-006   257632.14485971211     
   6.4999999999999858        2.9695311034321414E-006   336753.50254597917     
   6.5499999999999856        3.7493051182596232E-006   266716.08963748103     
   6.5999999999999854        2.9534722292449383E-006   338584.52776298905     
   6.6499999999999853        2.6362301170895383E-006   379329.55606471264     
   6.6999999999999851        2.9721907333514258E-006   336452.16263506940     
   6.7499999999999849        2.7953643089534678E-006   357735.12482685357     
   6.7999999999999847        2.6558755132000339E-006   376523.67177221779     
   6.8499999999999845        2.5737569795758521E-006   388537.07165654667     
   6.8999999999999844        2.3401666246101294E-006   427319.99913322390     
   6.9499999999999842        2.5113747363295509E-006   398188.28529808728     
   6.9999999999999840        1.8155312780225190E-006   550802.95894940593     
   7.0499999999999838        2.7143524847534250E-006   368411.98982704751     
   7.0999999999999837        2.4915443564980310E-006   401357.49435564596     
   7.1499999999999835        1.8935995850835594E-006   528094.75027207122     
   7.1999999999999833        1.7132724049079986E-006   583678.34393136052     
   7.2499999999999831        1.8430223719476966E-006   542587.01099933207     
   7.2999999999999829        1.6403253004433047E-006   609635.17402904527     
   7.3499999999999828        1.8674390645508996E-006   535492.70708894054     
   7.3999999999999826        1.6981177163705572E-006   588887.32527762139     
   7.4499999999999824        1.9780326914153308E-006   505552.81737253570     
   7.4999999999999822        1.6167182529106833E-006   618536.96412447549     
   7.5499999999999821        1.2368994330817947E-006   808473.16544438188     
   7.5999999999999819        1.1774679534360751E-006   849280.01401805470     
   7.6499999999999817        1.7263822206397544E-006   579246.00244633236     
   7.6999999999999815        1.3247719811283364E-006   754846.88251655106     
   7.7499999999999813        1.2792078583280924E-006   781733.78430225304     
   7.7999999999999812        1.1001125855314082E-006   908997.87271950080     
   7.8499999999999810        1.3126584745778318E-006   761812.77869829256     
   7.8999999999999808        1.4418161455303268E-006   693569.70588797319     
   7.9499999999999806        1.0489355116460430E-006   953347.45453583612     
   7.9999999999999805        1.0497921074087747E-006   952569.55443142203     
