  0.50000000000000000        8.8746851837363828E-031   1.1268005335362038E+030
  0.55000000000000004        8.0678956215785297E-031   1.2394805868898243E+030
  0.60000000000000009        7.3955709864469848E-031   1.3521606402434450E+030
  0.65000000000000013        6.8266809105664468E-031   1.4648406935970655E+030
  0.70000000000000018        6.3390608455259862E-031   1.5775207469506858E+030
  0.75000000000000022        5.9164567891575868E-031   1.6902008003043063E+030
  0.80000000000000027        1.7367740437691273E-019   5.7578013880827658E+018
  0.85000000000000031        8.7568891783044165E-019   1.1419580397083757E+018
  0.90000000000000036        8.2703932065239981E-019   1.2091323532370412E+018
  0.95000000000000040        5.7797836483100524E-019   1.7301685683207007E+018
   1.0000000000000004        5.2200758508626163E-018   1.9156809758516253E+017
   1.0500000000000005        2.5384731709681431E-017   39393758871936864.     
   1.1000000000000005        1.5460689945420985E-016   6468016650810409.0     
   1.1500000000000006        2.1759364730300451E-016   4595722404558417.0     
   1.2000000000000006        4.3964555982375118E-016   2274559534732679.5     
   1.2500000000000007        7.3418080421068785E-016   1362062307084005.5     
   1.3000000000000007        1.5590074298068641E-015   641433761559355.62     
   1.3500000000000008        4.5146138118381385E-015   221502888547812.91     
   1.4000000000000008        6.8067629850696868E-015   146912710519442.62     
   1.4500000000000008        1.2970417146708193E-014   77098522637245.594     
   1.5000000000000009        1.6868577655569172E-014   59281820934668.391     
   1.5500000000000009        3.5584773752662158E-014   28101906926559.797     
   1.6000000000000010        5.2593678059609719E-014   19013692080378.922     
   1.6500000000000010        6.9724202537978013E-014   14342222120867.010     
   1.7000000000000011        1.3530305738058902E-013   7390815990115.7041     
   1.7500000000000011        2.0246255253916507E-013   4939184987340.0986     
   1.8000000000000012        2.8776884518688480E-013   3475011338877.1226     
   1.8500000000000012        4.7698034828248765E-013   2096522432424.7385     
   1.9000000000000012        5.0055758358848014E-013   1997772150071.1953     
   1.9500000000000013        7.9517162945267170E-013   1257590138984.6047     
   2.0000000000000013        1.3928551877824717E-012   717949725694.07861     
   2.0500000000000012        2.1697448647024685E-012   460883680965.47028     
   2.1000000000000010        2.2042891049366450E-012   453661000165.73901     
   2.1500000000000008        2.8403834924969521E-012   352065135796.47308     
   2.2000000000000006        3.7071944619544783E-012   269745763342.76993     
   2.2500000000000004        4.6586178944824519E-012   214655939304.31052     
   2.3000000000000003        6.2841274517792610E-012   159131081868.31320     
   2.3500000000000001        8.0271576861381487E-012   124577096788.17812     
   2.3999999999999999        8.9802933804949089E-012   111354936596.16824     
   2.4499999999999997        1.4470138645283919E-011   69107838184.115677     
   2.4999999999999996        1.6257652524867792E-011   61509495203.590721     
   2.5499999999999994        2.2340990728241653E-011   44760772347.301582     
   2.5999999999999992        2.3112616322911862E-011   43266412855.592033     
   2.6499999999999990        3.7757361551307370E-011   26484901457.987984     
   2.6999999999999988        2.9261376545635581E-011   34174742204.640160     
   2.7499999999999987        5.9992248012316238E-011   16668820274.824554     
   2.7999999999999985        7.0062473930407791E-011   14272975872.837261     
   2.8499999999999983        7.5607859299651317E-011   13226138251.537718     
   2.8999999999999981        9.9951576401088938E-011   10004844705.872046     
   2.9499999999999980        1.6412859682137385E-010   6092783459.8399105     
   2.9999999999999978        2.1425221969116105E-010   4667396218.5384760     
   3.0499999999999976        1.7897005939452766E-010   5587526781.7594347     
   3.0999999999999974        2.1156038932751560E-010   4726782755.4046755     
   3.1499999999999972        2.2419360113732078E-010   4460430605.1870327     
   3.1999999999999971        4.4717069867036236E-010   2236282482.2231092     
   3.2499999999999969        4.4822516840806041E-010   2231021527.7550154     
   3.2999999999999967        5.1755667455807875E-010   1932155547.7066557     
   3.3499999999999965        5.5725326075230666E-010   1794516192.9604027     
   3.3999999999999964        8.5770776231986957E-010   1165898274.3670969     
   3.4499999999999962        1.5362224349910922E-009   650947400.07868624     
   3.4999999999999960        1.4077887629679855E-009   710333841.48609018     
   3.5499999999999958        1.5109731680340612E-009   661825121.15758324     
   3.5999999999999956        1.9637990475092375E-009   509217071.50654685     
   3.6499999999999955        2.2673602570268178E-009   441041513.76071870     
   3.6999999999999953        3.0206814858885994E-009   331051123.61948621     
   3.7499999999999951        3.8104038715408655E-009   262439372.23263848     
   3.7999999999999949        8.0779062676002184E-009   123794454.51241657     
   3.8499999999999948        7.8467912948788044E-009   127440626.67407101     
   3.8999999999999946        8.3051314048754053E-009   120407486.79942195     
   3.9499999999999944        1.5049743208137376E-008   66446316.469991416     
   3.9999999999999942        1.6515342979335344E-008   60549756.747482620     
   4.0499999999999945        2.3824432025652102E-008   41973718.362867408     
   4.0999999999999943        3.8104229104980885E-008   26243806.094197627     
   4.1499999999999941        8.6551503628876227E-008   11553814.296374274     
   4.1999999999999940        8.6028162821739365E-008   11624100.378292624     
   4.2499999999999938        1.2395957782671504E-007   8067145.8997538295     
   4.2999999999999936        2.9616846066037755E-007   3376456.7563010044     
   4.3499999999999934        9.4948037420600819E-007   1053207.6566998430     
   4.3999999999999932        6.4127907687400578E-007   1559383.4822658238     
   4.4499999999999931        9.8033831293791634E-006   102005.60222961813     
   4.4999999999999929        1.6865711463344051E-005   59291.895404080678     
   4.5499999999999927        8.3416603907936695E-005   11988.021007228452     
   4.5999999999999925        1.0997783553767856E-004   9092.7412338225058     
   4.6499999999999924        4.3484557885960470E-005   22996.669360707987     
   4.6999999999999922        2.5942191843310619E-005   38547.244043215156     
   4.7499999999999920        2.0058417143188732E-005   49854.382470033117     
   4.7999999999999918        8.2782150938015085E-006   120798.98730207814     
   4.8499999999999917        7.9196436494967516E-006   126268.30754734077     
   4.8999999999999915        6.1860580449475832E-006   161653.83394951207     
   4.9499999999999913        4.8214711296613888E-006   207405.57666063009     
   4.9999999999999911        3.7323156586410350E-006   267930.17832905048     
   5.0499999999999909        2.7502335626201331E-006   363605.48194579710     
   5.0999999999999908        3.2909273480032147E-006   303865.71754820249     
   5.1499999999999906        2.3516114872405984E-006   425240.31092117552     
   5.1999999999999904        1.7521580091809340E-006   570724.78324455523     
   5.2499999999999902        1.5413236873327779E-006   648792.98762382288     
   5.2999999999999901        1.0957196918054742E-006   912642.17251790746     
   5.3499999999999899        1.2449873268196415E-006   803221.02760236990     
   5.3999999999999897        9.5669372092016235E-007   1045266.6074134834     
   5.4499999999999895        8.0957687823130525E-007   1235213.1426785742     
   5.4999999999999893        8.8392313772656187E-007   1131320.0857848185     
   5.5499999999999892        7.0493965153417113E-007   1418561.1460834760     
   5.5999999999999890        5.3288015147049473E-007   1876594.5724202292     
   5.6499999999999888        5.1003668085685255E-007   1960643.2978899044     
   5.6999999999999886        5.0412731181599294E-007   1983625.9146479275     
   5.7499999999999885        3.7329963423962465E-007   2678813.2327986434     
   5.7999999999999883        4.1497962391962588E-007   2409756.8708426082     
   5.8499999999999881        2.9708423354263833E-007   3366048.7063729595     
   5.8999999999999879        2.9560349304676415E-007   3382909.9571627900     
   5.9499999999999877        2.8951863795128136E-007   3454009.0651030024     
   5.9999999999999876        2.2270253451462957E-007   4490294.6532667726     
   6.0499999999999874        2.4884578217727040E-007   4018553.1426352626     
   6.0999999999999872        1.6391906396647348E-007   6100571.6833798597     
   6.1499999999999870        1.7113953133285645E-007   5843185.3366190307     
   6.1999999999999869        1.4651885864847564E-007   6825059.9903946482     
   6.2499999999999867        1.4093614254096426E-007   7095412.0211523576     
   6.2999999999999865        1.1111668850715136E-007   8999548.2535968572     
   6.3499999999999863        1.1891150381289806E-007   8409615.2847705577     
   6.3999999999999861        1.0509755094012294E-007   9514969.5787842702     
   6.4499999999999860        8.3084133922420015E-008   12035992.346429851     
   6.4999999999999858        8.2556699636451579E-008   12112887.317487510     
   6.5499999999999856        9.9796689873994443E-008   10020372.431817355     
   6.5999999999999854        6.9497739816088502E-008   14388957.146610733     
   6.6499999999999853        5.6415089824050949E-008   17725753.927164339     
   6.6999999999999851        5.7301184893795966E-008   17451646.102143180     
   6.7499999999999849        4.6130240748544821E-008   21677753.763544906     
   6.7999999999999847        4.6812598128285027E-008   21361770.975830153     
   6.8499999999999845        4.8447855824662015E-008   20640748.346409947     
   6.8999999999999844        5.4567272643081279E-008   18326002.960435525     
   6.9499999999999842        5.0015228291855070E-008   19993910.537900094     
   6.9999999999999840        4.0867892945982950E-008   24469086.314818036     
   7.0499999999999838        4.0356449467900717E-008   24779186.801242121     
   7.0999999999999837        3.2035404071888459E-008   31215463.920978442     
   7.1499999999999835        2.9882458378400392E-008   33464448.852803189     
   7.1999999999999833        3.5718028706556515E-008   27997065.801574789     
   7.2499999999999831        2.6794130052968970E-008   37321607.308134764     
   7.2999999999999829        3.0622176300313233E-008   32656072.193986129     
   7.3499999999999828        2.7462677788780690E-008   36413055.117608719     
   7.3999999999999826        2.4524031324948982E-008   40776330.235016137     
   7.4499999999999824        2.0700020428056620E-008   48309131.069484793     
   7.4999999999999822        2.1878373258303573E-008   45707237.379747443     
   7.5499999999999821        2.0276152970533171E-008   49319020.301990971     
   7.5999999999999819        2.1038889059196894E-008   47531026.813550413     
   7.6499999999999817        2.3089317671162263E-008   43310071.533597738     
   7.6999999999999815        1.6719491266878290E-008   59810432.269612402     
   7.7499999999999813        2.3764922141452212E-008   42078825.002996311     
   7.7999999999999812        2.8705871155502895E-008   34836079.162443422     
   7.8499999999999810        2.0911757377410900E-008   47819988.628990620     
   7.8999999999999808        2.2863620741512273E-008   43737604.437443830     
   7.9499999999999806        1.7628041937951959E-008   56727797.875671543     
   7.9999999999999805        2.5097365865954489E-008   39844818.987818047     
