  0.50000000000000000        8.8746851837363828E-031   1.1268005335362038E+030
  0.55000000000000004        8.0678956215785297E-031   1.2394805868898243E+030
  0.60000000000000009        7.3955709864469848E-031   1.3521606402434450E+030
  0.65000000000000013        6.8266809105664468E-031   1.4648406935970655E+030
  0.70000000000000018        6.3390608455259862E-031   1.5775207469506858E+030
  0.75000000000000022        5.9164567891575868E-031   1.6902008003043063E+030
  0.80000000000000027        5.5466782398352375E-031   1.8028808536579269E+030
  0.85000000000000031        3.4451419632066392E-014   29026380064443.809     
  0.90000000000000036        4.9303806576313220E-031   2.0282409603651677E+030
  0.95000000000000040        4.6708869388086204E-031   2.1409210137187883E+030
   1.0000000000000004        2.9283706687256433E-014   34148682428757.422     
   1.0500000000000005        4.2260405636839899E-031   2.3662811204260294E+030
   1.1000000000000005        1.0605983584865139E-013   9428639899339.5723     
   1.1500000000000006        1.0144853863784045E-013   9857214440218.6445     
   1.2000000000000006        3.8576875505838440E-013   2592226526610.8823     
   1.2500000000000007        1.4575555884065512E-012   686080179688.53845     
   1.3000000000000007        1.4014957576222355E-012   713523387110.77551     
   1.3500000000000008        9.6336828997675201E-012   103802461675.80750     
   1.4000000000000008        1.5137731993625415E-011   66060094102.677055     
   1.4500000000000008        1.9887720450859779E-011   50282283606.654793     
   1.5000000000000009        3.1773451880833233E-011   31472815851.123566     
   1.5500000000000009        3.0285918990119466E-011   33018644747.951740     
   1.6000000000000010        8.4490300913571966E-011   11835678050.465631     
   1.6500000000000010        1.1552260749299872E-010   8656314306.7957954     
   1.7000000000000011        1.7225709968356204E-010   5805275961.5540352     
   1.7500000000000011        2.1543253973684889E-010   4641824309.4636545     
   1.8000000000000012        3.4913003309833386E-010   2864262324.0560517     
   1.8500000000000012        5.4344001847475838E-010   1840129482.5630288     
   1.9000000000000012        1.1484067130180994E-009   870771642.71525776     
   1.9500000000000013        1.3477844565550842E-009   741958400.79353952     
   2.0000000000000013        1.5811440290394038E-009   632453452.45842814     
   2.0500000000000012        4.1777737144022113E-009   239361934.93502504     
   2.1000000000000010        3.0266219599495247E-009   330401356.11012256     
   2.1500000000000008        3.4256117850305888E-009   291918659.42598939     
   2.2000000000000006        5.1362293559411660E-009   194695355.42513937     
   2.2500000000000004        5.1058114714470155E-009   195855253.48757041     
   2.3000000000000003        8.7325637675101168E-009   114513907.55605398     
   2.3500000000000001        1.3264004717070308E-008   75392011.789096788     
   2.3999999999999999        1.1691348771003538E-008   85533330.635055900     
   2.4499999999999997        2.2915773404479324E-008   43638064.591986716     
   2.4999999999999996        2.1514581496457187E-008   46480104.675271995     
   2.5499999999999994        2.6802292442194560E-008   37310241.359269358     
   2.5999999999999992        3.7726306587525135E-008   26506702.893907655     
   2.6499999999999990        4.7604026104391142E-008   21006626.578329619     
   2.6999999999999988        5.5862252506770000E-008   17901175.751529336     
   2.7499999999999987        5.5707734065246908E-008   17950828.853113357     
   2.7999999999999985        8.6435400508304605E-008   11569333.792858647     
   2.8499999999999983        1.2220212317851568E-007   8183163.8762869686     
   2.8999999999999981        9.6042898667764495E-008   10412013.942428380     
   2.9499999999999980        1.3142883355384219E-007   7608680.4771825960     
   2.9999999999999978        1.9789589647472219E-007   5053161.8786129449     
   3.0499999999999976        2.0977472394891249E-007   4767018.5481618606     
   3.0999999999999974        3.2793388139171478E-007   3049395.1883108621     
   3.1499999999999972        3.2595831399471373E-007   3067876.9556288035     
   3.1999999999999971        5.0560582314000473E-007   1977825.3220851356     
   3.2499999999999969        6.5039045198851067E-007   1537537.9465405578     
   3.2999999999999967        5.3081416505141458E-007   1883898.4824437385     
   3.3499999999999965        9.1073237681299614E-007   1098017.4038606002     
   3.3999999999999964        9.2754979053650527E-007   1078109.2402830350     
   3.4499999999999962        1.3531771534056047E-006   739001.53980818612     
   3.4999999999999960        1.2225357906808709E-006   817971.96255748614     
   3.5499999999999958        2.4653440790878507E-006   405622.89397348085     
   3.5999999999999956        2.7633578000807751E-006   361878.58118509635     
   3.6499999999999955        3.6668231812223401E-006   272715.63164566032     
   3.6999999999999953        3.2759530043049935E-006   305254.68426619080     
   3.7499999999999951        4.7152920360530589E-006   212075.94192555064     
   3.7999999999999949        5.1179616472584233E-006   195390.28795490827     
   3.8499999999999948        9.8898407955016083E-006   101113.86226306592     
   3.8999999999999946        1.2754075790027989E-005   78406.308419608773     
   3.9499999999999944        2.4612657974441039E-005   40629.500521172798     
   3.9999999999999942        1.5272656988267699E-005   65476.491796299095     
   4.0499999999999945        7.0025638975690089E-005   14280.483757487129     
   4.0999999999999943        4.2708260110013543E-005   23414.674290736002     
   4.1499999999999941        3.9788307865584913E-005   25133.011521330736     
   4.1999999999999940        1.0874517136859696E-003   919.58106039527229     
   4.2499999999999938        2.6477993469320209E-002   37.767212276062011     
   4.2999999999999936        3.8781740853680827E-003   257.85330363917603     
   4.3499999999999934        2.6888664706954352E-002   37.190392713750676     
   4.3999999999999932        2.2304186443459016E-002   44.834632392219021     
   4.4499999999999931        1.4353811435632810E-002   69.667906986539947     
   4.4999999999999929        1.2867070933409202E-002   77.717765385400298     
   4.5499999999999927        8.7348236344124298E-003   114.48428060531386     
   4.5999999999999925        6.7349420587511696E-003   148.47937684937196     
   4.6499999999999924        4.4046564156570694E-003   227.03246419978115     
   4.6999999999999922        6.1614711148844517E-003   162.29890254362627     
   4.7499999999999920        2.8878817963218346E-003   346.27456057019202     
   4.7999999999999918        2.9967385240918186E-003   333.69611394542892     
   4.8499999999999917        1.5460916196652545E-003   646.79219994511755     
   4.8999999999999915        1.3933097752503528E-003   717.71548421119633     
   4.9499999999999913        1.4226789548091212E-003   702.89927085775196     
   4.9999999999999911        1.2482175447804482E-003   801.14240036250430     
   5.0499999999999909        1.1194175275932221E-003   893.32172790792993     
   5.0999999999999908        8.3845598128136302E-004   1192.6684552619670     
   5.1499999999999906        7.9961923688784821E-004   1250.5952256627070     
   5.1999999999999904        7.4353206337704134E-004   1344.9319124962942     
   5.2499999999999902        6.7717723767561871E-004   1476.7182716188991     
   5.2999999999999901        4.4940193370448243E-004   2225.1795664448114     
   5.3499999999999899        5.3708556079041614E-004   1861.9007342672248     
   5.3999999999999897        4.0091137355631218E-004   2494.3168639228929     
   5.4499999999999895        3.9754741158964241E-004   2515.4232447430018     
   5.4999999999999893        3.0277478045968029E-004   3302.7849891651308     
   5.5499999999999892        2.3805772664970578E-004   4200.6618061654754     
   5.5999999999999890        3.2389118633431070E-004   3087.4566588787329     
   5.6499999999999888        2.9442264587412254E-004   3396.4778661337755     
   5.6999999999999886        2.4046730301644170E-004   4158.5695329714990     
   5.7499999999999885        1.6068264654903606E-004   6223.4474069035614     
   5.7999999999999883        1.4687989135680706E-004   6808.2839030072282     
   5.8499999999999881        1.5845894186294836E-004   6310.7830220455671     
   5.8999999999999879        2.0197454083781063E-004   4951.1190660560478     
   5.9499999999999877        1.6400362301180062E-004   6097.4262741015582     
   5.9999999999999876        1.4029458690011413E-004   7127.8587584563929     
   6.0499999999999874        1.1210514320223682E-004   8920.1973382791875     
   6.0999999999999872        1.1548943532791482E-004   8658.8006700409514     
   6.1499999999999870        1.0205163410039330E-004   9798.9611711288217     
   6.1999999999999869        1.0669190685981657E-004   9372.7821484520737     
   6.2499999999999867        1.2035690860643320E-004   8308.6215122889007     
   6.2999999999999865        8.3531489382699184E-005   11971.533219269011     
   6.3499999999999863        6.5772271546994681E-005   15203.975421245623     
   6.3999999999999861        8.3646012484781890E-005   11955.142514198566     
   6.4499999999999860        7.3819040843782301E-005   13546.640386675099     
   6.4999999999999858        9.8593083316898082E-005   10142.699328976232     
   6.5499999999999856        7.7496131875841225E-005   12903.869855106170     
   6.5999999999999854        7.6831796092077415E-005   13015.444788009010     
   6.6499999999999853        5.5591333644202486E-005   17988.415359851475     
   6.6999999999999851        7.3560779274341556E-005   13594.200739371532     
   6.7499999999999849        6.3710842586550253E-005   15695.915473751811     
   6.7999999999999847        5.1462086416548047E-005   19431.781135061829     
   6.8499999999999845        5.4803491075813000E-005   18247.012742612314     
   6.8999999999999844        4.8998686571005114E-005   20408.710314119893     
   6.9499999999999842        3.9905343139257166E-005   25059.300868816306     
   6.9999999999999840        5.5651142171163276E-005   17969.083130843079     
   7.0499999999999838        4.5489144122479512E-005   21983.266981403303     
   7.0999999999999837        3.3568168093767835E-005   29790.127277921281     
   7.1499999999999835        4.1274294705428645E-005   24228.154766469550     
   7.1999999999999833        3.7643464370419320E-005   26565.036367529759     
   7.2499999999999831        3.5104382955028157E-005   28486.471369717256     
   7.2999999999999829        3.8308646614427820E-005   26103.767383507082     
   7.3499999999999828        3.5259906261696956E-005   28360.824120689904     
   7.3999999999999826        4.7545497155500530E-005   21032.485930885050     
   7.4499999999999824        2.8268811133301234E-005   35374.674770881313     
   7.4999999999999822        3.5857030618324512E-005   27888.533510885762     
   7.5499999999999821        2.4862340757992346E-005   40221.474306619180     
   7.5999999999999819        2.8801763823295420E-005   34720.095829380451     
   7.6499999999999817        2.8584129978533283E-005   34984.447690064422     
   7.6999999999999815        3.7753077847978121E-005   26487.906602654792     
   7.7499999999999813        3.1541265425962393E-005   31704.498424368077     
   7.7999999999999812        2.4377707751191519E-005   41021.084107102834     
   7.8499999999999810        1.8875049483057552E-005   52979.993556976406     
   7.8999999999999808        2.3843050927337175E-005   41940.941326994907     
   7.9499999999999806        2.5584853684622807E-005   39085.625125189879     
   7.9999999999999805        2.0582196860042438E-005   48585.678525957803     
