  0.50000000000000000        8.8746851837363828E-031   1.1268005335362038E+030
  0.55000000000000004        8.0678956215785297E-031   1.2394805868898243E+030
  0.60000000000000009        7.3955709864469848E-031   1.3521606402434450E+030
  0.65000000000000013        6.8266809105664468E-031   1.4648406935970655E+030
  0.70000000000000018        6.3390608455259862E-031   1.5775207469506858E+030
  0.75000000000000022        5.9164567891575868E-031   1.6902008003043063E+030
  0.80000000000000027        5.5466782398352375E-031   1.8028808536579269E+030
  0.85000000000000031        5.2204030492566939E-031   1.9155609070115474E+030
  0.90000000000000036        4.9303806576313220E-031   2.0282409603651677E+030
  0.95000000000000040        4.6708869388086204E-031   2.1409210137187883E+030
   1.0000000000000004        4.4373425918681897E-031   2.2536010670724088E+030
   1.0500000000000005        4.2260405636839899E-031   2.3662811204260294E+030
   1.1000000000000005        4.0339478107892631E-031   2.4789611737796497E+030
   1.1500000000000006        3.3038728105584550E-012   302675089913.93939     
   1.2000000000000006        3.1662114434518526E-012   315834876431.93677     
   1.2500000000000007        2.7137219231819826E-011   36849759419.249817     
   1.3000000000000007        1.1643817602969656E-011   85882485804.738007     
   1.3500000000000008        6.9236755359842494E-011   14443195594.633579     
   1.4000000000000008        4.2901785703641425E-011   23309053075.502213     
   1.4500000000000008        1.2532623289383784E-010   7979175444.0356197     
   1.5000000000000009        5.3838729854939022E-010   1857398944.3925610     
   1.5500000000000009        2.8483375792847912E-010   3510819810.3789964     
   1.6000000000000010        8.9287734980997511E-010   1119974652.9720159     
   1.6500000000000010        1.1130855767942182E-009   898403519.77256382     
   1.7000000000000011        1.5934571748103398E-009   627566285.31232691     
   1.7500000000000011        2.8175273436452216E-009   354921134.04167849     
   1.8000000000000012        4.8357260469703979E-009   206794179.46484047     
   1.8500000000000012        8.4517535316221977E-009   118318641.95501022     
   1.9000000000000012        8.6948853823007281E-009   115010141.71337965     
   1.9500000000000013        1.4823237304404116E-008   67461646.836274490     
   2.0000000000000013        1.0944485664153200E-008   91370214.250938252     
   2.0500000000000012        2.0948520574456223E-008   47736067.873898432     
   2.1000000000000010        2.9512244531134771E-008   33884240.791818529     
   2.1500000000000008        3.8968889103006404E-008   25661496.209365927     
   2.2000000000000006        6.9496917724371400E-008   14389127.356209595     
   2.2500000000000004        7.9300906683312337E-008   12610196.299438210     
   2.3000000000000003        1.2475659684510388E-007   8015608.1945837829     
   2.3500000000000001        1.3697730229740050E-007   7300479.5920774797     
   2.3999999999999999        1.6615315933800785E-007   6018543.3968528099     
   2.4499999999999997        2.8057790951418741E-007   3564072.4593446124     
   2.4999999999999996        2.8851145664011431E-007   3466066.8648849805     
   2.5499999999999994        2.4618974810445769E-007   4061907.5639807004     
   2.5999999999999992        5.3263141973136386E-007   1877470.9169510815     
   2.6499999999999990        5.3058117638818457E-007   1884725.7394378020     
   2.6999999999999988        8.6690703374309714E-007   1153526.2272382763     
   2.7499999999999987        6.1433865376534098E-007   1627766.6949180283     
   2.7999999999999985        1.0245675223222169E-006   976021.56833301357     
   2.8499999999999983        9.6523972896213202E-007   1036012.0600042476     
   2.8999999999999981        1.7304181098962984E-006   577895.01524572494     
   2.9499999999999980        2.7166503940198053E-006   368100.36440511880     
   2.9999999999999978        2.4486755889984815E-006   408384.02787729190     
   3.0499999999999976        3.3765107900208503E-006   296163.72112758004     
   3.0999999999999974        3.2332376080199094E-006   309287.50720935024     
   3.1499999999999972        3.5478499529237416E-006   281860.84904067370     
   3.1999999999999971        3.5688378113610851E-006   280203.26303890493     
   3.2499999999999969        8.7650346629102001E-006   114089.68001365282     
   3.2999999999999967        1.3945167294120061E-005   71709.430149443026     
   3.3499999999999965        4.6406296261063321E-006   215488.00067439096     
   3.3999999999999964        1.5809271265488080E-005   63254.022478760155     
   3.4499999999999962        2.6278650040771802E-005   38053.705135099481     
   3.4999999999999960        1.3036511498254773E-002   76.707637632496414     
   3.5499999999999958        2.4428015523293792E-005   40936.604082571968     
   3.5999999999999956        3.9185614431402019E-002   25.519569222286687     
   3.6499999999999955       0.13843075115384232        7.2238284605468150     
   3.6999999999999953       0.14040953289106592        7.1220235507501553     
   3.7499999999999951        1.0349296501277155E-004   9662.4925170188617     
   3.7999999999999949        8.5379925000039936E-002   11.712355099861382     
   3.8499999999999948        4.7309306920535504E-002   21.137489958998554     
   3.8999999999999946        8.1045791369024567E-002   12.338703628010926     
   3.9499999999999944        9.2397356851151802E-002   10.822820414776121     
   3.9999999999999942        4.4316035649785333E-002   22.565195314460489     
   4.0499999999999945        6.6755276235003380E-002   14.980089311287221     
   4.0999999999999943        3.4199457489795360E-002   29.240229915880565     
   4.1499999999999941        3.7193561306353824E-002   26.886374008749968     
   4.1999999999999940        5.3955176741839375E-002   18.533902776089938     
   4.2499999999999938        4.5981732275426644E-002   21.747767004733216     
   4.2999999999999936        3.9513611825614151E-002   25.307734570388320     
   4.3499999999999934        3.2893469913257270E-002   30.401170890060566     
   4.3999999999999932        2.5660197738458988E-002   38.970861027357564     
   4.4499999999999931        2.2860136500532171E-002   43.744270729823533     
   4.4999999999999929        2.6831611704726678E-002   37.269471957356899     
   4.5499999999999927        1.9769309197266539E-002   50.583456914026513     
   4.5999999999999925        1.9320871636822876E-002   51.757499288703933     
   4.6499999999999924        1.8345403484304450E-002   54.509566979846348     
   4.6999999999999922        1.5384646411693225E-002   64.999868910860499     
   4.7499999999999920        1.1967323673172473E-002   83.560871863249716     
   4.7999999999999918        1.0762274357841920E-002   92.917162929539245     
   4.8499999999999917        9.0859854849903929E-003   110.05960791506342     
   4.8999999999999915        9.5527117609802478E-003   104.68231691912636     
   4.9499999999999913        8.4619855446750932E-003   118.17557412743088     
   4.9999999999999911        8.1742271559649034E-003   122.33572433453593     
   5.0499999999999909        6.0736178587852564E-003   164.64651271293570     
   5.0999999999999908        5.6229533790075571E-003   177.84248465109957     
   5.1499999999999906        6.3219571002127118E-003   158.17886520716084     
   5.1999999999999904        4.2622214649431162E-003   234.61943688872725     
   5.2499999999999902        3.2752907940837329E-003   305.31640176998434     
   5.2999999999999901        4.1349247936320740E-003   241.84236713084462     
   5.3499999999999899        3.2135848110012811E-003   311.17896642299053     
   5.3999999999999897        2.8779642105544079E-003   347.46783727632288     
   5.4499999999999895        2.6679770051856815E-003   374.81582414553219     
   5.4999999999999893        3.0428593992583761E-003   328.63825395406900     
   5.5499999999999892        2.1876214287732268E-003   457.11748241594955     
   5.5999999999999890        2.5919396233154675E-003   385.81145602491102     
   5.6499999999999888        2.4273604424142480E-003   411.97013122838979     
   5.6999999999999886        2.1453514261520054E-003   466.12409874201495     
   5.7499999999999885        2.1366542467542464E-003   468.02144124117524     
   5.7999999999999883        1.4657329833469813E-003   682.25250530728567     
   5.8499999999999881        1.6195623690238143E-003   617.45075035470643     
   5.8999999999999879        1.6275376056425915E-003   614.42512697282689     
   5.9499999999999877        1.6476131121847747E-003   606.93860263953343     
   5.9999999999999876        1.1521381001807069E-003   867.95150671881709     
   6.0499999999999874        9.0676409976760358E-004   1102.8226638618489     
   6.0999999999999872        1.2277218548667078E-003   814.51673767635975     
   6.1499999999999870        1.1887741034186023E-003   841.20271220937809     
   6.1999999999999869        7.7198560164391794E-004   1295.3609469794940     
   6.2499999999999867        1.0678168617901382E-003   936.49017521932842     
   6.2999999999999865        8.1678437095976711E-004   1224.3133384456712     
   6.3499999999999863        8.9237651257661023E-004   1120.6032273447474     
   6.3999999999999861        6.0810106212049993E-004   1644.4634984075103     
   6.4499999999999860        7.1928780021863147E-004   1390.2640913637692     
   6.4999999999999858        7.7746826631986256E-004   1286.2261307892204     
   6.5499999999999856        7.3249257656384447E-004   1365.2015487870810     
   6.5999999999999854        7.2691805525259558E-004   1375.6708789583051     
   6.6499999999999853        5.1535391930935908E-004   1940.4140776500340     
   6.6999999999999851        5.9509825715523706E-004   1680.3947717479880     
   6.7499999999999849        4.7651490083107720E-004   2098.5702614040529     
   6.7999999999999847        6.0857303412353641E-004   1643.1881531527183     
   6.8499999999999845        4.7928698744930439E-004   2086.4326096601421     
   6.8999999999999844        5.2287691038739104E-004   1912.4960007492321     
   6.9499999999999842        5.4996562189804524E-004   1818.2954719038491     
   6.9999999999999840        4.3063872740745687E-004   2322.1320711683957     
   7.0499999999999838        4.2367679073252704E-004   2360.2897819137647     
   7.0999999999999837        4.1461470439714602E-004   2411.8777973733713     
   7.1499999999999835        4.7559214992582246E-004   2102.6419383834841     
   7.1999999999999833        4.1685696063614329E-004   2398.9044070991476     
   7.2499999999999831        4.3519468874672016E-004   2297.8221606513953     
   7.2999999999999829        4.2299159677809900E-004   2364.1131587883506     
   7.3499999999999828        5.1817056756010707E-004   1929.8664621355620     
   7.3999999999999826        3.6128235547010435E-004   2767.9181805012026     
   7.4499999999999824        3.1930336932495999E-004   3131.8178762538660     
   7.4999999999999822        3.9809537246831363E-004   2511.9608746007088     
   7.5499999999999821        3.1773600726189301E-004   3147.2668414812451     
   7.5999999999999819        2.5975012074802058E-004   3849.8538407613828     
   7.6499999999999817        2.9631798881232866E-004   3374.7529267733535     
   7.6999999999999815        2.9019612225743172E-004   3445.9454255315800     
   7.7499999999999813        2.8445921270594718E-004   3515.4424793888666     
   7.7999999999999812        2.0250344256988033E-004   4938.1876540440435     
   7.8499999999999810        2.4907883224401108E-004   4014.7931921422610     
   7.8999999999999808        2.5020269514639231E-004   3996.7595049881661     
   7.9499999999999806        2.6328117925314491E-004   3798.2206051975322     
   7.9999999999999805        2.2498719109382824E-004   4444.6974742795992     
