  0.50000000000000000        8.8746851837363828E-031   1.1268005335362038E+030
  0.55000000000000004        8.0678956215785297E-031   1.2394805868898243E+030
  0.60000000000000009        7.3955709864469848E-031   1.3521606402434450E+030
  0.65000000000000013        6.8266809105664468E-031   1.4648406935970655E+030
  0.70000000000000018        6.3390608455259862E-031   1.5775207469506858E+030
  0.75000000000000022        5.9164567891575868E-031   1.6902008003043063E+030
  0.80000000000000027        5.5466782398352375E-031   1.8028808536579269E+030
  0.85000000000000031        8.4109866902148120E-018   1.1889211537611654E+017
  0.90000000000000036        4.9303806576313220E-031   2.0282409603651677E+030
  0.95000000000000040        1.1896650157496297E-016   8405727551548464.0     
   1.0000000000000004        2.5224431612723948E-016   3964410438868206.0     
   1.0500000000000005        3.2566089394921039E-016   3070678790668549.0     
   1.1000000000000005        1.2083727589935129E-015   827559205185101.75     
   1.1500000000000006        3.0535067642343923E-015   327492315298908.69     
   1.2000000000000006        3.3740460644827691E-015   296380067399375.25     
   1.2500000000000007        2.4465204679276347E-014   40874377022770.891     
   1.3000000000000007        4.7829932684575781E-014   20907409730109.875     
   1.3500000000000008        9.4177911383059837E-014   10618201076180.100     
   1.4000000000000008        1.4765593683173197E-013   6772501136473.7432     
   1.4500000000000008        1.9594475617599906E-013   5103479263827.7725     
   1.5000000000000009        5.8066473339230699E-013   1722164172357.9292     
   1.5500000000000009        9.1499930998133545E-013   1092896999037.5167     
   1.6000000000000010        9.7619415637578343E-013   1024386382021.1730     
   1.6500000000000010        1.9818203479107905E-012   504586604458.96985     
   1.7000000000000011        2.9718594032679566E-012   336489673401.22699     
   1.7500000000000011        4.3849811376817491E-012   228051152012.17941     
   1.8000000000000012        6.7246746076135974E-012   148706079974.16138     
   1.8500000000000012        8.9372993865395584E-012   111890623414.28297     
   1.9000000000000012        1.3563699907005331E-011   73726196160.055389     
   1.9500000000000013        1.4029872694187037E-011   71276484241.680084     
   2.0000000000000013        2.5596256464852073E-011   39068213016.741989     
   2.0500000000000012        3.9206217970288171E-011   25506158251.679226     
   2.1000000000000010        4.2790807591886466E-011   23369505187.595695     
   2.1500000000000008        6.0420682385289552E-011   16550624066.494606     
   2.2000000000000006        8.4766094367767449E-011   11797169699.259529     
   2.2500000000000004        1.1450221644502965E-010   8733455395.4253025     
   2.3000000000000003        1.5775820414730712E-010   6338814551.0723963     
   2.3500000000000001        1.4981798531593646E-010   6674766036.2085238     
   2.3999999999999999        2.5521967658556340E-010   3918193194.8916411     
   2.4499999999999997        2.8935184708926553E-010   3456000056.8840270     
   2.4999999999999996        4.0740103886593299E-010   2454583824.2918148     
   2.5499999999999994        5.7910451304258435E-010   1726804018.0623927     
   2.5999999999999992        6.9672332866467902E-010   1435289962.1095977     
   2.6499999999999990        6.6512511735773876E-010   1503476524.7966845     
   2.6999999999999988        5.9495357395256084E-010   1680803416.9061668     
   2.7499999999999987        1.1494450256313730E-009   869985060.35616183     
   2.7999999999999985        1.7212298568797970E-009   580979928.97518945     
   2.8499999999999983        1.9791803583176703E-009   505259662.56557506     
   2.8999999999999981        2.3574878992455456E-009   424180332.08994401     
   2.9499999999999980        2.6126531768688163E-009   382752677.94957346     
   2.9999999999999978        3.3232315449291967E-009   300911924.57710785     
   3.0499999999999976        3.2625521587266487E-009   306508509.70311934     
   3.0999999999999974        4.9123453839086162E-009   203568748.09244946     
   3.1499999999999972        5.4238372172379804E-009   184371314.98375559     
   3.1999999999999971        8.3483862828730935E-009   119783628.37037416     
   3.2499999999999969        9.3312148929777379E-009   107167181.49450786     
   3.2999999999999967        1.0219032894321267E-008   97856618.169386804     
   3.3499999999999965        1.4976049542724268E-008   66773283.378047086     
   3.3999999999999964        1.5585124425374063E-008   64163748.245211631     
   3.4499999999999962        2.4804161352781070E-008   40315815.793057598     
   3.4999999999999960        2.7376879638110334E-008   36527172.315428428     
   3.5499999999999958        2.9445011589563611E-008   33961609.998293787     
   3.5999999999999956        4.4084379921268560E-008   22683771.480645210     
   3.6499999999999955        6.1118408310745858E-008   16361682.636034546     
   3.6999999999999953        6.2073588706531203E-008   16109911.168947494     
   3.7499999999999951        5.7446615652992692E-008   17407465.846909378     
   3.7999999999999949        8.8621885155616460E-008   11283894.471935913     
   3.8499999999999948        1.7069451339280667E-007   5858419.1144959293     
   3.8999999999999946        2.1237274416985958E-007   4708702.1637775786     
   3.9499999999999944        3.0014494778073116E-007   3331723.5802034661     
   3.9999999999999942        2.9791255738566915E-007   3356689.6567754555     
   4.0499999999999945        3.9475163974894047E-007   2533238.3689045436     
   4.0999999999999943        7.7031293238766227E-007   1298173.7135067948     
   4.1499999999999941        8.0782818441323358E-007   1237886.9904450667     
   4.1999999999999940        1.9253672345094515E-006   519381.43647426396     
   4.2499999999999938        3.5996353280240600E-006   277805.91889815900     
   4.2999999999999936        4.2482091376514376E-006   235393.30753213243     
   4.3499999999999934        1.0421406252241846E-005   95956.339844719201     
   4.3999999999999932        2.8658938223247075E-003   348.93128008100342     
   4.4499999999999931        3.0972603402478415E-005   32286.598159197052     
   4.4999999999999929        1.6225127939773418E-003   616.32795976212492     
   4.5499999999999927        7.7437963048541665E-004   1291.3562813799147     
   4.5999999999999925        1.1597995397504325E-003   862.21796588674420     
   4.6499999999999924        2.1695395864723913E-004   4609.2728901341279     
   4.6999999999999922        1.8834114781065929E-004   5309.5142066634698     
   4.7499999999999920        8.6861830586774320E-005   11512.536556560450     
   4.7999999999999918        7.9926366221929647E-005   12511.515877292904     
   4.8499999999999917        5.1161785915488647E-005   19545.838404700047     
   4.8999999999999915        5.5514769926145040E-005   18013.224252399243     
   4.9499999999999913        3.8876142334830952E-005   25722.716811437673     
   4.9999999999999911        3.7279256310079870E-005   26824.569451768057     
   5.0499999999999909        3.1184925450972608E-005   32066.775390313192     
   5.0999999999999908        2.6842100178532121E-005   37254.909017878708     
   5.1499999999999906        2.5917799945322544E-005   38583.521830928890     
   5.1999999999999904        1.3227287053328804E-005   75601.292688990085     
   5.2499999999999902        8.6407396768699762E-006   115730.83293746911     
   5.2999999999999901        1.3366863760643699E-005   74811.864466242128     
   5.3499999999999899        7.6738647125752804E-006   130312.43544876216     
   5.3999999999999897        8.7965772653326881E-006   113680.57937045583     
   5.4499999999999895        7.0400242398832520E-006   142044.96546116771     
   5.4999999999999893        6.0906842477851878E-006   164185.16529791203     
   5.5499999999999892        5.7703853179383023E-006   173298.65249922156     
   5.5999999999999890        5.1592724322145016E-006   193825.77933973772     
   5.6499999999999888        4.3609511972174759E-006   229307.77134998768     
   5.6999999999999886        4.0787901369631811E-006   245170.74093558025     
   5.7499999999999885        4.9022415398371297E-006   203988.31674728610     
   5.7999999999999883        4.2891367938181636E-006   233147.14546788938     
   5.8499999999999881        3.2250879870569998E-006   310069.05982510367     
   5.8999999999999879        3.3245612479758061E-006   300791.57080016512     
   5.9499999999999877        3.2053862581715311E-006   311974.88210685609     
   5.9999999999999876        2.7320463520234182E-006   366026.00071531592     
   6.0499999999999874        2.3716302496428834E-006   421650.88767550443     
   6.0999999999999872        2.2985096689606476E-006   435064.51745847357     
   6.1499999999999870        1.6605140546378060E-006   602223.14722781535     
   6.1999999999999869        2.3752259920067839E-006   421012.57032604242     
   6.2499999999999867        1.7063574386083167E-006   586043.68426792638     
   6.2999999999999865        1.3764322661273438E-006   726515.95331570262     
   6.3499999999999863        1.6157949787100614E-006   618890.39957181364     
   6.3999999999999861        1.6174239590480051E-006   618267.08724445209     
   6.4499999999999860        1.1454673753531920E-006   873006.09473199642     
   6.4999999999999858        1.2097652163269847E-006   826606.67252125090     
   6.5499999999999856        1.1057548764253684E-006   904359.56586757489     
   6.5999999999999854        1.3875456882373157E-006   720696.98927922244     
   6.6499999999999853        8.7529505279376300E-007   1142471.8976854768     
   6.6999999999999851        1.1159145010922097E-006   896126.00160786742     
   6.7499999999999849        9.3973951255342502E-007   1064124.6714026502     
   6.7999999999999847        9.4686948474017936E-007   1056111.7620918998     
   6.8499999999999845        8.5132342241067021E-007   1174641.7092205994     
   6.8999999999999844        7.9572643369337145E-007   1256713.3095710934     
   6.9499999999999842        8.0555099860485551E-007   1241386.3327485328     
   6.9999999999999840        7.4283236627238451E-007   1346198.7460483329     
   7.0499999999999838        9.6457477464330990E-007   1036726.2614448839     
   7.0999999999999837        7.4985641937273039E-007   1333588.6366572946     
   7.1499999999999835        7.6332681909263189E-007   1310054.8480514572     
   7.1999999999999833        4.8028499821105910E-007   2082097.0959425105     
   7.2499999999999831        4.9220381646365821E-007   2031678.6797483820     
   7.2999999999999829        6.6452675858300264E-007   1504830.2977781370     
   7.3499999999999828        4.6579477892475014E-007   2146868.2030065251     
   7.3999999999999826        4.8244730230537347E-007   2072765.2434193371     
   7.4499999999999824        4.7722460530459862E-007   2095449.3730718873     
   7.4999999999999822        4.2895188755225230E-007   2331263.7827667468     
   7.5499999999999821        4.1213263372088655E-007   2426403.3424667888     
   7.5999999999999819        4.6289322600098583E-007   2160325.4137874772     
   7.6499999999999817        5.1267241179173986E-007   1950563.3168461279     
   7.6999999999999815        3.7590016342361365E-007   2660280.8333261316     
   7.7499999999999813        3.2576803466006472E-007   3069668.8858484495     
   7.7999999999999812        3.2840786737620815E-007   3044994.0435027652     
   7.8499999999999810        4.0767791973033031E-007   2452916.7551224683     
   7.8999999999999808        3.3213934020647418E-007   3010784.5682428065     
   7.9499999999999806        4.0431866214901710E-007   2473296.6682389658     
   7.9999999999999805        2.4378000896824448E-007   4102059.0828276780     
