  0.50000000000000000        8.8746851837363828E-031   1.1268005335362038E+030
  0.55000000000000004        8.0678956215785297E-031   1.2394805868898243E+030
  0.60000000000000009        7.3955709864469848E-031   1.3521606402434450E+030
  0.65000000000000013        6.8266809105664468E-031   1.4648406935970655E+030
  0.70000000000000018        6.3390608455259862E-031   1.5775207469506858E+030
  0.75000000000000022        5.9164567891575868E-031   1.6902008003043063E+030
  0.80000000000000027        5.5466782398352375E-031   1.8028808536579269E+030
  0.85000000000000031        5.2204030492566939E-031   1.9155609070115474E+030
  0.90000000000000036        4.9303806576313220E-031   2.0282409603651677E+030
  0.95000000000000040        3.8900499728912740E-015   257066106340210.19     
   1.0000000000000004        3.6955474742467099E-015   270595901410747.59     
   1.0500000000000005        2.1733077262461969E-014   46012812080101.992     
   1.1000000000000005        2.0745210144661430E-014   48203898298776.203     
   1.1500000000000006        1.2751040116315215E-014   78424974816013.609     
   1.2000000000000006        8.9821843346381016E-014   11133149384873.883     
   1.2500000000000007        1.1945235991061352E-013   8371538249627.7373     
   1.3000000000000007        4.0409549290320307E-013   2474662592288.6494     
   1.3500000000000008        1.5979456040051707E-012   625803530166.20215     
   1.4000000000000008        1.6228759288853854E-012   616190050145.61670     
   1.4500000000000008        3.6049934363641905E-012   277393015452.62958     
   1.5000000000000009        4.4934732202673165E-012   222545000488.62204     
   1.5500000000000009        8.4185452728062908E-012   118785368207.28574     
   1.6000000000000010        1.5953244142611750E-011   62683175350.458046     
   1.6500000000000010        1.9017911436219950E-011   52582009510.018127     
   1.7000000000000011        2.8580763833024664E-011   34988568039.756668     
   1.7500000000000011        4.3859321168681107E-011   22800170484.947590     
   1.8000000000000012        6.5644137638410199E-011   15233652782.649588     
   1.8500000000000012        1.2413960194160248E-010   8055447128.5514364     
   1.9000000000000012        1.3812444241285991E-010   7239848230.5612278     
   1.9500000000000013        1.4872811238306862E-010   6723678422.1692390     
   2.0000000000000013        3.6196000694644623E-010   2762736160.9260740     
   2.0500000000000012        4.7275210046406755E-010   2115273520.7699134     
   2.1000000000000010        6.6064661296892656E-010   1513668548.9175963     
   2.1500000000000008        6.5807011969706144E-010   1519594903.4433351     
   2.2000000000000006        1.0784684383239865E-009   927240857.92818213     
   2.2500000000000004        1.3652808496333709E-009   732450030.53293943     
   2.3000000000000003        1.5839338463536773E-009   631339498.36482596     
   2.3500000000000001        1.5315751933295249E-009   652922562.57172596     
   2.3999999999999999        2.7006937984089579E-009   370275223.57000393     
   2.4499999999999997        3.1201670135889201E-009   320495664.38104439     
   2.4999999999999996        4.0906642593847914E-009   244459074.75926498     
   2.5499999999999994        5.6260765121682766E-009   177743761.18724385     
   2.5999999999999992        6.0796506851820652E-009   164483134.27567482     
   2.6499999999999990        6.3836837610741216E-009   156649363.81994894     
   2.6999999999999988        1.0677741095411201E-008   93652767.103498489     
   2.7499999999999987        1.1763799508305265E-008   85006549.057045564     
   2.7999999999999985        1.7584476042544437E-008   56868342.143409245     
   2.8499999999999983        2.5508810222941265E-008   39202141.976055525     
   2.8999999999999981        2.5013477761952204E-008   39978447.200216666     
   2.9499999999999980        3.2280509599081048E-008   30978445.273009807     
   2.9999999999999978        3.4239457359671521E-008   29206070.338539779     
   3.0499999999999976        4.5361724272973980E-008   22045017.380342156     
   3.0999999999999974        5.9907561780868099E-008   16692383.570171554     
   3.1499999999999972        7.4109927845626786E-008   13493468.811399063     
   3.1999999999999971        8.1614874498400525E-008   12252668.476744369     
   3.2499999999999969        9.3016508080015543E-008   10750779.841571461     
   3.2999999999999967        1.7771948505107010E-007   5626845.0232828241     
   3.3499999999999965        1.5644921116328370E-007   6391850.7007128019     
   3.3999999999999964        1.7580677307247050E-007   5688062.9939540680     
   3.4499999999999962        2.2783988745804423E-007   4389047.1117975153     
   3.4999999999999960        2.4164968711347613E-007   4138221.7868563207     
   3.5499999999999958        2.9856873551140940E-007   3349312.5068407785     
   3.5999999999999956        5.3591774303471990E-007   1865958.0000791543     
   3.6499999999999955        4.4286185240921128E-007   2258040.5030595958     
   3.6999999999999953        8.7299178594488230E-007   1145486.1501562130     
   3.7499999999999951        7.0448112233836956E-007   1419484.4521606495     
   3.7999999999999949        1.1785793782230411E-006   848479.12535828725     
   3.8499999999999948        1.3476148504417879E-006   742051.78109470266     
   3.8999999999999946        2.0779389569960264E-006   481246.09081185452     
   3.9499999999999944        2.4842266933518160E-006   402539.75318603503     
   3.9999999999999942        3.5646891967921352E-006   280529.36589812662     
   4.0499999999999945        5.2370686945674625E-006   190946.51193659616     
   4.0999999999999943        6.6553877175443797E-006   150254.20643246421     
   4.1499999999999941        9.8224036151804996E-006   101808.07459942927     
   4.1999999999999940        1.6618291620982837E-005   60174.657107194158     
   4.2499999999999938        2.9500530017731966E-005   33897.696054915868     
   4.2999999999999936        7.4315329033539085E-005   13456.174022302885     
   4.3499999999999934        1.2490239488222015E-003   800.62516090502118     
   4.3999999999999932        1.3567304890956151E-002   73.706606288960998     
   4.4499999999999931        3.0831094300301782E-003   324.34787758740424     
   4.4999999999999929        4.6136391109011078E-003   216.74863940640691     
   4.5499999999999927        2.6034421342194377E-003   384.10686638895447     
   4.5999999999999925        2.0209798628120280E-003   494.80948246984605     
   4.6499999999999924        2.5659084853591153E-003   389.72551270083335     
   4.6999999999999922        1.1130696461294539E-003   898.41637805627170     
   4.7499999999999920        9.9229276972830961E-004   1007.7670930463402     
   4.7999999999999918        6.9002273218354794E-004   1449.2276172344962     
   4.8499999999999917        6.4841519902901577E-004   1542.2217145703446     
   4.8999999999999915        5.1250009980763377E-004   1951.2191322018252     
   4.9499999999999913        3.3380465924661931E-004   2995.7640563105106     
   4.9999999999999911        2.2086333404650049E-004   4527.6867901915321     
   5.0499999999999909        2.7606350076373799E-004   3622.3549916358734     
   5.0999999999999908        1.9926473882931391E-004   5018.4493547379670     
   5.1499999999999906        1.8616886873369965E-004   5371.4673500563813     
   5.1999999999999904        1.4753305980327904E-004   6778.1418031551884     
   5.2499999999999902        1.5066368610275229E-004   6637.2994439947679     
   5.2999999999999901        1.0916832465386531E-004   9160.1662219389309     
   5.3499999999999899        7.7922799543634795E-005   12833.214487372536     
   5.3999999999999897        1.0219008973129452E-004   9785.6847237287602     
   5.4499999999999895        7.5278321505466909E-005   13284.036891382832     
   5.4999999999999893        5.7615039550655174E-005   17356.579250818693     
   5.5499999999999892        4.6916213250520903E-005   21314.593201720028     
   5.5999999999999890        5.2882669333768105E-005   18909.786752414413     
   5.6499999999999888        4.2268819889746552E-005   23658.100760995629     
   5.6999999999999886        4.2215371631182013E-005   23688.053932974472     
   5.7499999999999885        3.7757875709062744E-005   26484.540806938920     
   5.7999999999999883        4.3379660239770922E-005   23052.278290625927     
   5.8499999999999881        3.6900926006757374E-005   27099.590937552028     
   5.8999999999999879        2.6031858961425037E-005   38414.467498530808     
   5.9499999999999877        2.6056434176101277E-005   38378.236762618537     
   5.9999999999999876        2.4454099333240157E-005   40892.939313479939     
   6.0499999999999874        2.4899033031331607E-005   40162.202232578820     
   6.0999999999999872        1.9272573261509976E-005   51887.207091184850     
   6.1499999999999870        2.0372163567148152E-005   49086.588015255540     
   6.1999999999999869        2.3642146008854897E-005   42297.344734503429     
   6.2499999999999867        1.9187047553252031E-005   52118.492812642718     
   6.2999999999999865        1.6360211917850770E-005   61123.902613320752     
   6.3499999999999863        1.0999921067153934E-005   90909.743251342719     
   6.3999999999999861        1.2579598755907303E-005   79493.791447871583     
   6.4499999999999860        1.4317448643796407E-005   69844.846304602528     
   6.4999999999999858        1.2648086302188728E-005   79063.344138231550     
   6.5499999999999856        1.2317868339968447E-005   81182.877783751464     
   6.5999999999999854        1.4469222736742448E-005   69112.212742474978     
   6.6499999999999853        9.3819903962789386E-006   106587.19075182783     
   6.6999999999999851        1.0279048865300899E-005   97285.265699602940     
   6.7499999999999849        1.1332614793832009E-005   88240.888638010438     
   6.7999999999999847        8.6820730724110600E-006   115179.86449315779     
   6.8499999999999845        9.9595533900202322E-006   100406.10867170306     
   6.8999999999999844        8.0480496536985636E-006   124253.70655366668     
   6.9499999999999842        9.6301088251656090E-006   103840.98644729520     
   6.9999999999999840        8.7187427884841647E-006   114695.43536951380     
   7.0499999999999838        7.3035922759473630E-006   136918.92458088894     
   7.0999999999999837        7.5727426501980777E-006   132052.55297746629     
   7.1499999999999835        6.8057070425584004E-006   146935.50482656099     
   7.1999999999999833        8.1619931537988757E-006   122519.09321126607     
   7.2499999999999831        7.9565782420759304E-006   125682.16758201482     
   7.2999999999999829        6.8211080662129467E-006   146603.74682425993     
   7.3499999999999828        5.6009857254199208E-006   178540.00153250300     
   7.3999999999999826        7.4706731878795206E-006   133856.74555037529     
   7.4499999999999824        6.1904631109173948E-006   161538.80284601278     
   7.4999999999999822        4.3283792529780321E-006   231033.35949870272     
   7.5499999999999821        5.1337670229278135E-006   194788.73808139717     
   7.5999999999999819        4.5347548481587161E-006   220519.08724592649     
   7.6499999999999817        4.2789616290699154E-006   233701.55815521118     
   7.6999999999999815        4.8108341214821169E-006   207864.16133839198     
   7.7499999999999813        5.6235782649907971E-006   177822.72298501327     
   7.7999999999999812        5.2098850934912722E-006   191942.81295172969     
   7.8499999999999810        4.5953718156808739E-006   217610.24789934975     
   7.8999999999999808        3.6723872601982410E-006   272302.43684758304     
   7.9499999999999806        4.5097914896978750E-006   221739.74168969685     
   7.9999999999999805        4.1696896258021597E-006   239826.00378981954     
