  0.50000000000000000        2.3564655553479648E-006   424364.36116391106     
  0.52500000000000002        3.7982735092306103E-006   263277.51215645421     
  0.55000000000000004        3.4608235900221056E-006   288948.56209461187     
  0.57500000000000007        2.3879025751481801E-005   41877.755416296473     
  0.60000000000000009        1.0401344874162552E-004   9614.1413643926826     
  0.62500000000000011        1.5923601472099969E-004   6279.9863570569642     
  0.65000000000000013        3.9934962269932967E-004   2504.0714781215656     
  0.67500000000000016        8.6569898529570205E-004   1155.1359271357167     
  0.70000000000000018        2.4948533851942836E-003   400.82515707516268     
  0.72500000000000020        4.4497880935341133E-003   224.72980262882123     
  0.75000000000000022        8.6725454947587655E-003   115.30640001881200     
  0.77500000000000024        2.1521493173038062E-002   46.465177483725491     
  0.80000000000000027        3.6032543750900099E-002   27.752689538468118     
  0.82500000000000029        5.9402913568621284E-002   16.834191118333216     
  0.85000000000000031       0.10843016715098741        9.2225256704392482     
  0.87500000000000033       0.17204607192583379        5.8123965796271326     
  0.90000000000000036       0.28637786168534973        3.4918900298889866     
  0.92500000000000038       0.45611434245965804        2.1924327014304468     
  0.95000000000000040       0.66672450698173480        1.4998698705811866     
  0.97500000000000042       0.96387478153358297        1.0374791613584284     
   1.0000000000000004        1.3448717086628792       0.74356534794998153     
   1.0250000000000004        1.8720132484195802       0.53418425368743272     
   1.0500000000000003        2.7899379458593385       0.35843091115490261     
   1.0750000000000002        3.7577836179141006       0.26611431143421921     
   1.1000000000000001        5.0408211956692943       0.19838037517758556     
   1.1250000000000000        7.3158649190847340       0.13668923784955656     
   1.1499999999999999        9.6662629845691388       0.10345259606492836     
   1.1749999999999998        11.467989215397481        8.7199244890930949E-002
   1.1999999999999997        16.161558593802589        6.1875220400058828E-002
   1.2249999999999996        21.196099969939976        4.7178490449572640E-002
   1.2499999999999996        27.729296229874123        3.6062941940901164E-002
   1.2749999999999995        34.217467271356533        2.9224839818495295E-002
   1.2999999999999994        44.908917681789617        2.2267292369094343E-002
   1.3249999999999993        51.358067129303357        1.9471137756845804E-002
   1.3499999999999992        64.029719967318940        1.5617747516472109E-002
   1.3749999999999991        77.806549832223425        1.2852388419179744E-002
   1.3999999999999990        102.77871518927446        9.7296409880044468E-003
   1.4249999999999989        126.70631093422317        7.8922667121066152E-003
   1.4499999999999988        148.42750716668834        6.7372956609516544E-003
   1.4749999999999988        186.48074712328142        5.3624838779678706E-003
   1.4999999999999987        229.62396653516308        4.3549461107617732E-003
   1.5249999999999986        259.10452348464315        3.8594463213193148E-003
   1.5499999999999985        325.27080524451532        3.0743613748189652E-003
   1.5749999999999984        349.92116974100276        2.8577865144316901E-003
   1.5999999999999983        469.51623160782026        2.1298518191279160E-003
   1.6249999999999982        511.60854540802586        1.9546194233375533E-003
   1.6499999999999981        642.77599136914318        1.5557519469107002E-003
   1.6749999999999980        712.04392613358198        1.4044077384804438E-003
   1.6999999999999980        794.55639927081756        1.2585638991992546E-003
   1.7249999999999979        958.87602015189623        1.0428876924480700E-003
   1.7499999999999978        1115.2849624874152        8.9663183279159822E-004
   1.7749999999999977        1303.2161976394761        7.6733239029050317E-004
   1.7999999999999976        1633.8699954487736        6.1204379955905302E-004
   1.8249999999999975        1846.6382535743178        5.4152457746633326E-004
   1.8499999999999974        2076.2670121522569        4.8163362137290845E-004
   1.8749999999999973        2564.3964538179316        3.8995530449715654E-004
   1.8999999999999972        2726.7738430125701        3.6673375115524391E-004
   1.9249999999999972        3425.0957731801273        2.9196263877652733E-004
   1.9499999999999971        4136.4753469138641        2.4175171278273871E-004
   1.9749999999999970        4372.1285740810945        2.2872154445050224E-004
   1.9999999999999969        4680.4501052726391        2.1365466515142978E-004
   2.0249999999999968        5919.2472318028276        1.6894040083800143E-004
   2.0499999999999967        7777.6853548815925        1.2857295639664301E-004
   2.0749999999999966        9168.7390451185383        1.0906625164911884E-004
   2.0999999999999965        10137.059208781993        9.8647939151196284E-005
   2.1249999999999964        12420.345377803156        8.0513058983620200E-005
   2.1499999999999964        15843.104775198715        6.3118941280084870E-005
   2.1749999999999963        22432.126509180234        4.4578921199947540E-005
   2.1999999999999962        20405.801230786165        4.9005671901346534E-005
   2.2249999999999961        34470.610765223450        2.9010219946809743E-005
   2.2499999999999960        41830.009491840014        2.3906281928888276E-005
   2.2749999999999959        70360.672313883799        1.4212485002117820E-005
   2.2999999999999958        68457.291496989725        1.4607647748435579E-005
   2.3249999999999957        63525.911657342171        1.5741608013340844E-005
   2.3499999999999956        36434.298157369754        2.7446665657747132E-005
   2.3749999999999956        30773.400142239843        3.2495596696427152E-005
   2.3999999999999955        20649.764714622132        4.8426701893213263E-005
   2.4249999999999954        16795.592359480121        5.9539430262223474E-005
   2.4499999999999953        18773.608563001744        5.3266264535351979E-005
   2.4749999999999952        13419.575032057082        7.4518008030147762E-005
   2.4999999999999951        13102.118189339430        7.6323536816638729E-005
   2.5249999999999950        11631.744659176637        8.5971625865348555E-005
   2.5499999999999949        12019.910641980900        8.3195294023849625E-005
   2.5749999999999948        9829.6502993118011        1.0173301893252628E-004
   2.5999999999999948        9020.8495619159949        1.1085430403603846E-004
   2.6249999999999947        9716.3308574186503        1.0291950888400184E-004
   2.6499999999999946        8038.2490633198913        1.2440520219299950E-004
   2.6749999999999945        7490.9693279367502        1.3349407215840672E-004
   2.6999999999999944        6650.6084945452403        1.5036218126810344E-004
   2.7249999999999943        6832.0097838642450        1.4636981380819849E-004
   2.7499999999999942        5668.3548805961946        1.7641802975730775E-004
   2.7749999999999941        6034.7997281801781        1.6570558179924137E-004
   2.7999999999999940        5617.8645100059121        1.7800358093701118E-004
   2.8249999999999940        5924.0990349293097        1.6880203961882833E-004
   2.8499999999999939        5286.1467826268645        1.8917371028866252E-004
   2.8749999999999938        4667.2315949904196        2.1425977683930483E-004
   2.8999999999999937        4488.7398871984897        2.2277967205271045E-004
   2.9249999999999936        4482.0081875676442        2.2311427336831646E-004
   2.9499999999999935        4307.6300009153420        2.3214621492270851E-004
   2.9749999999999934        4574.4715514889631        2.1860448551144798E-004
   2.9999999999999933        3942.6227692490534        2.5363826531912126E-004
   3.0249999999999932        3987.4485233810892        2.5078693659274300E-004
   3.0499999999999932        3707.0866513787546        2.6975360816777131E-004
   3.0749999999999931        3650.8007766773017        2.7391250883597343E-004
   3.0999999999999930        3204.2868301079579        3.1208192431584166E-004
   3.1249999999999929        3204.8018974991724        3.1203176732400766E-004
   3.1499999999999928        3226.7688008611271        3.0990754581894131E-004
   3.1749999999999927        3210.0646194186484        3.1152020864337078E-004
   3.1999999999999926        2917.4570370699867        3.4276425917973547E-004
   3.2249999999999925        3074.8073604134420        3.2522362632354920E-004
   3.2499999999999925        2538.4984402348050        3.9393366730117131E-004
   3.2749999999999924        2513.9307239704372        3.9778343550399270E-004
   3.2999999999999923        2566.4950803283691        3.8963643751542098E-004
   3.3249999999999922        2768.0231327836395        3.6126865709910390E-004
   3.3499999999999921        2397.7348124156720        4.1706029992220829E-004
   3.3749999999999920        2385.6159419185565        4.1917895602080086E-004
   3.3999999999999919        2193.9527658482370        4.5579832691310243E-004
   3.4249999999999918        2158.8029044246068        4.6321968436786659E-004
   3.4499999999999917        2104.2613145825831        4.7522614851585931E-004
   3.4749999999999917        2257.4721265604612        4.4297335423743370E-004
   3.4999999999999916        2045.6733587411634        4.8883659540610407E-004
   3.5249999999999915        2060.9490313093361        4.8521335792797005E-004
   3.5499999999999914        2132.7257314213257        4.6888354431470368E-004
   3.5749999999999913        1866.5486569456566        5.3574815544126170E-004
   3.5999999999999912        1772.8989157625356        5.6404795056795066E-004
   3.6249999999999911        1720.8989088397514        5.8109165789070713E-004
   3.6499999999999910        1785.3907992105371        5.6010146374798134E-004
   3.6749999999999909        1811.1211285651282        5.5214418529381086E-004
   3.6999999999999909        1746.0586148377172        5.7271845945042481E-004
   3.7249999999999908        1581.5564482746981        6.3228852886717298E-004
   3.7499999999999907        1714.8930068683762        5.8312675834286225E-004
   3.7749999999999906        1657.7855909440032        6.0321431520620459E-004
   3.7999999999999905        1526.9270894851159        6.5491011776941019E-004
   3.8249999999999904        1603.1512895399928        6.2377144722687984E-004
   3.8499999999999903        1436.3146952882066        6.9622625409353136E-004
   3.8749999999999902        1478.4987533925262        6.7636174714752050E-004
   3.8999999999999901        1540.6600219482493        6.4907246618591756E-004
   3.9249999999999901        1492.5849187168824        6.6997863066957787E-004
   3.9499999999999900        1481.1738614885669        6.7514018846849533E-004
   3.9749999999999899        1495.0398853783499        6.6887847593907496E-004
   3.9999999999999898        1372.0678846870742        7.2882691240023362E-004
   4.0249999999999897        1383.0590199517824        7.2303494324838218E-004
   4.0499999999999901        1298.8145008110798        7.6993288831894236E-004
   4.0749999999999904        1233.2327050097060        8.1087697069478029E-004
   4.0999999999999908        1502.5833128893589        6.6552050154015908E-004
   4.1249999999999911        1156.8806092042628        8.6439343182338410E-004
   4.1499999999999915        1243.0916805271358        8.0444589539521954E-004
   4.1749999999999918        1181.6843333931333        8.4624968931301810E-004
   4.1999999999999922        1493.5283162184157        6.6955543402885079E-004
   4.2249999999999925        1283.6215814509353        7.7904579858314234E-004
   4.2499999999999929        1352.7555846758048        7.3923184005161987E-004
   4.2749999999999932        1605.8666825964208        6.2271669923630606E-004
   4.2999999999999936        1175.6653108849428        8.5058221140103503E-004
   4.3249999999999940        1312.3623523618433        7.6198467458344233E-004
   4.3499999999999943        1106.1944696039725        9.0400018032815602E-004
   4.3749999999999947        1170.3947399066069        8.5441258910630121E-004
   4.3999999999999950        1765.7775889213679        5.6632273864731396E-004
   4.4249999999999954        1341.6454392536270        7.4535340764569783E-004
   4.4499999999999957        1152.4681071564780        8.6770297051198451E-004
   4.4749999999999961        1136.3917166543931        8.7997825516016720E-004
   4.4999999999999964        1090.0433934037701        9.1739467075471141E-004
   4.5249999999999968        1147.8228606708637        8.7121457000388875E-004
   4.5499999999999972        1198.7585961375848        8.3419631210321452E-004
   4.5749999999999975        1424.1235328653897        7.0218627592506854E-004
   4.5999999999999979        1250.7556584890986        7.9951667075245608E-004
   4.6249999999999982        1339.5827983041597        7.4650107575727806E-004
   4.6499999999999986        1529.4132971432002        6.5384549870718765E-004
   4.6749999999999989        1475.0737475392975        6.7793220621558032E-004
   4.6999999999999993        1286.1138390370304        7.7753614777113637E-004
   4.7249999999999996        1162.6537990261015        8.6010126216217700E-004
   4.7500000000000000        1150.2985225562390        8.6933955003068268E-004
   4.7750000000000004        1232.2171538354908        8.1154526772113638E-004
   4.8000000000000007        1085.7385607347087        9.2103203861831136E-004
   4.8250000000000011        1094.7590599577329        9.1344299999545893E-004
   4.8500000000000014        1175.5640660279398        8.5065546736117468E-004
   4.8750000000000018        1517.2112789962632        6.5910398495163237E-004
   4.9000000000000021        1182.9912975219725        8.4531475598739671E-004
   4.9250000000000025        1370.6383359898102        7.2958706446646067E-004
   4.9500000000000028        1626.3379061258727        6.1487836951554372E-004
   4.9750000000000032        1048.4598791809531        9.5377993937277843E-004
