  0.50000000000000000        6.5509810759122847E-006   152648.89158006624     
  0.52500000000000002        1.7648395427463575E-019   5.6662375007976571E+018
  0.55000000000000004        1.6080459470064951E-019   6.2187277786532106E+018
  0.57500000000000007        1.4712556490569822E-019   6.7969152787346043E+018
  0.60000000000000009        4.5492924138279740E-006   219814.40387529545     
  0.62500000000000011        4.1926278885838605E-006   238513.89309385358     
  0.65000000000000013        9.6752955708696641E-005   10335.601560440133     
  0.67500000000000016        1.4372256357000082E-005   69578.497290924322     
  0.70000000000000018        3.0056963831213878E-005   33270.160140443368     
  0.72500000000000020        2.5157303702829644E-004   3974.9887818364332     
  0.75000000000000022        3.5088903384076451E-004   2849.9038258739251     
  0.77500000000000024        6.9386114389520732E-004   1441.2105488227603     
  0.80000000000000027        1.0158244014428588E-003   984.42210935238211     
  0.82500000000000029        2.6685497428615584E-003   374.73537927296525     
  0.85000000000000031        2.4753083554510465E-003   403.99007170069592     
  0.87500000000000033        6.1657967762305263E-003   162.18504052145425     
  0.90000000000000036        1.1928771568218796E-002   83.830928799428762     
  0.92500000000000038        1.7875342012305073E-002   55.942985555835378     
  0.95000000000000040        1.9699326936198882E-002   50.763155677285120     
  0.97500000000000042        3.1202060714628430E-002   32.049165250523693     
   1.0000000000000004        4.0582096141442342E-002   24.641408282969454     
   1.0250000000000004        7.3576586962114957E-002   13.591280070043290     
   1.0500000000000003       0.11207089948072760        8.9229229410438187     
   1.0750000000000002       0.13855042933366885        7.2175886051692810     
   1.1000000000000001       0.18484326329460343        5.4099888855900513     
   1.1250000000000000       0.31879825406267975        3.1367800395901395     
   1.1499999999999999       0.45993919950240875        2.1742004184071790     
   1.1749999999999998       0.51866433708306903        1.9280292252672089     
   1.1999999999999997       0.60957199938175655        1.6404953000043070     
   1.2249999999999996       0.76511830705629569        1.3069874172105285     
   1.2499999999999996        1.0695518754027178       0.93497101262476923     
   1.2749999999999995        1.2842567183884859       0.77866051676554393     
   1.2999999999999994        1.8643852210302498       0.53636983855053577     
   1.3249999999999993        2.3171821192966764       0.43155865552057920     
   1.3499999999999992        3.0891637598569002       0.32371220101530751     
   1.3749999999999991        3.4681089676490755       0.28834157442229080     
   1.3999999999999990        4.4200250195395112       0.22624306323591409     
   1.4249999999999989        4.5921728480297634       0.21776183804340951     
   1.4499999999999988        6.7902200366921592       0.14727063255628278     
   1.4749999999999988        7.2727501916555397       0.13749956669037797     
   1.4999999999999987        8.4188866479406439       0.11878055161184661     
   1.5249999999999986        9.9196281688635963       0.10081023028049257     
   1.5499999999999985        11.628848012933895        8.5993040659554154E-002
   1.5749999999999984        13.186238042358703        7.5836640957614929E-002
   1.5999999999999983        19.231643260447033        5.1997636731160715E-002
   1.6249999999999982        20.607588322360989        4.8525814100959831E-002
   1.6499999999999981        25.888148180799508        3.8627714621228534E-002
   1.6749999999999980        25.419029317717417        3.9340605319770655E-002
   1.6999999999999980        31.068176655885008        3.2187276745466092E-002
   1.7249999999999979        45.555304792505609        2.1951340344549992E-002
   1.7499999999999978        42.048128827186119        2.3782271123404957E-002
   1.7749999999999977        51.417063088748499        1.9448796565333739E-002
   1.7999999999999976        61.163566635481132        1.6349602467752390E-002
   1.8249999999999975        82.326362201716179        1.2146777450821870E-002
   1.8499999999999974        83.709156606216141        1.1946124421061736E-002
   1.8749999999999973        88.740500595261622        1.1268811797230225E-002
   1.8999999999999972        116.42633069981932        8.5891223573668109E-003
   1.9249999999999972        123.59129959533904        8.0911844383398067E-003
   1.9499999999999971        152.13812450937320        6.5729744153536626E-003
   1.9749999999999970        170.18673347037210        5.8758986650042878E-003
   1.9999999999999969        209.45811232068502        4.7742242538163322E-003
   2.0249999999999968        291.23892087627434        3.4336070089506523E-003
   2.0499999999999967        281.53621055758094        3.5519409670944475E-003
   2.0749999999999966        365.97238854619582        2.7324465760175031E-003
   2.0999999999999965        368.37899174950854        2.7145956267777154E-003
   2.1249999999999964        537.63674325860404        1.8599919230576072E-003
   2.1499999999999964        583.35986735407300        1.7142077403021715E-003
   2.1749999999999963        561.63740801878771        1.7805081814752416E-003
   2.1999999999999962        643.38549917875798        1.5542781136292914E-003
   2.2249999999999961        683.93696435969400        1.4621230495067716E-003
   2.2499999999999960        795.57162645738720        1.2569578486011561E-003
   2.2749999999999959        771.41599012087511        1.2963174380703562E-003
   2.2999999999999958        859.53000352250092        1.1634265190299687E-003
   2.3249999999999957        950.27451032411443        1.0523275002492969E-003
   2.3499999999999956        908.21319822913972        1.1010630565046057E-003
   2.3749999999999956        1018.6230721502131        9.8171740591846053E-004
   2.3999999999999955        923.33675645237065        1.0830284758100430E-003
   2.4249999999999954        951.02115750268854        1.0515013174111985E-003
   2.4499999999999953        884.11528664201830        1.1310742106927327E-003
   2.4749999999999952        826.30658324624028        1.2102045660478526E-003
   2.4999999999999951        751.60733963056566        1.3304819515087836E-003
   2.5249999999999950        751.69801530554139        1.3303214584031219E-003
   2.5499999999999949        703.59796026719118        1.4212662009711486E-003
   2.5749999999999948        583.10740349635489        1.7149499286133677E-003
   2.5999999999999948        551.31451399257071        1.8138466784741233E-003
   2.6249999999999947        542.36739632064575        1.8437686460946547E-003
   2.6499999999999946        443.88951965341062        2.2528128187860822E-003
   2.6749999999999945        485.17658499379036        2.0611052365867959E-003
   2.6999999999999944        395.48304652640678        2.5285533951029402E-003
   2.7249999999999943        373.18056788647152        2.6796679303629192E-003
   2.7499999999999942        351.44866499801333        2.8453657663080121E-003
   2.7749999999999941        304.76165271564673        3.2812527136838799E-003
   2.7999999999999940        299.28621259697144        3.3412832195736080E-003
   2.8249999999999940        279.81584189054831        3.5737790728487635E-003
   2.8499999999999939        254.72034846852736        3.9258740262109746E-003
   2.8749999999999938        232.73691401457606        4.2966969989873252E-003
   2.8999999999999937        191.92740235552395        5.2103034153904316E-003
   2.9249999999999936        199.84045729551198        5.0039917518866590E-003
   2.9499999999999935        189.95911848003990        5.2642905905308027E-003
   2.9749999999999934        175.13413196838849        5.7099092493318139E-003
   2.9999999999999933        162.49337025474404        6.1540972313656886E-003
   3.0249999999999932        159.61064963028480        6.2652460992819511E-003
   3.0499999999999932        160.24734591829508        6.2403529635359301E-003
   3.0749999999999931        142.96760098380074        6.9945917335026645E-003
   3.0999999999999930        137.58018394446555        7.2684886102758195E-003
   3.1249999999999929        133.48464071703654        7.4914986070930842E-003
   3.1499999999999928        132.86429081505077        7.5264767821778093E-003
   3.1749999999999927        121.20751179438358        8.2503137404255928E-003
   3.1999999999999926        119.18534044824095        8.3902936069077533E-003
   3.2249999999999925        106.01491569266194        9.4326349595844385E-003
   3.2499999999999925        107.38391484406590        9.3123816677024469E-003
   3.2749999999999924        100.44592732635593        9.9556052357496708E-003
   3.2999999999999923        105.13625081690580        9.5114671888147737E-003
   3.3249999999999922        96.438190230560522        1.0369336023511437E-002
   3.3499999999999921        100.87564954927387        9.9131951513386635E-003
   3.3749999999999920        97.471862880884487        1.0259370965568292E-002
   3.3999999999999919        83.704145546234827        1.1946839591685934E-002
   3.4249999999999918        85.583660684464078        1.1684473321220403E-002
   3.4499999999999917        85.379999652839700        1.1712344859054358E-002
   3.4749999999999917        82.281185566737733        1.2153446661131377E-002
   3.4999999999999916        83.715836339180626        1.1945171233175398E-002
   3.5249999999999915        74.550869774843591        1.3413659733550682E-002
   3.5499999999999914        72.347748541109198        1.3822130199833148E-002
   3.5749999999999913        77.061346986820041        1.2976674287448310E-002
   3.5999999999999912        70.158096412269529        1.4253522417764973E-002
   3.6249999999999911        65.757870124772921        1.5207305195599251E-002
   3.6499999999999910        63.907185701076266        1.5647692650361207E-002
   3.6749999999999909        70.570516506103289        1.4170223621836679E-002
   3.6999999999999909        63.560824580794396        1.5732961405006081E-002
   3.7249999999999908        60.147493448815851        1.6625796731678889E-002
   3.7499999999999907        60.750131684184296        1.6460869668539997E-002
   3.7749999999999906        57.057360617454904        1.7526222544792608E-002
   3.7999999999999905        56.273726564627388        1.7770282173361188E-002
   3.8249999999999904        54.066700134938543        1.8495672891155199E-002
   3.8499999999999903        53.182003910115824        1.8803353135961629E-002
   3.8749999999999902        47.776851581720919        2.0930638309004709E-002
   3.8999999999999901        50.424453227830917        1.9831647861043480E-002
   3.9249999999999901        49.073206838577796        2.0377718604969435E-002
   3.9499999999999900        50.195824511539030        1.9921975776493517E-002
   3.9749999999999899        50.443015134703245        1.9824350256018513E-002
   3.9999999999999898        48.201797335449328        2.0746114362514948E-002
   4.0249999999999897        45.630176043602432        2.1915321980008111E-002
   4.0499999999999901        41.393869825349931        2.4158166516424422E-002
   4.0749999999999904        46.096674868285561        2.1693538695737865E-002
   4.0999999999999908        41.500142071541738        2.4096303050628324E-002
   4.1249999999999911        42.361538776436284        2.3606319054591395E-002
   4.1499999999999915        44.970888454145317        2.2236607600484758E-002
   4.1749999999999918        41.216644510866807        2.4262042965102339E-002
   4.1999999999999922        36.325632894901581        2.7528770190824486E-002
   4.2249999999999925        38.128466092712415        2.6227123786422984E-002
   4.2499999999999929        39.293846418982632        2.5449277460322790E-002
   4.2749999999999932        37.921628047056423        2.6370175846857469E-002
   4.2999999999999936        37.653622673697001        2.6557869575151175E-002
   4.3249999999999940        38.905150060812595        2.5703537923305812E-002
   4.3499999999999943        35.933329257965312        2.7829316699852710E-002
   4.3749999999999947        33.531592337119598        2.9822621900749888E-002
   4.3999999999999950        33.786262282693336        2.9597828597697228E-002
   4.4249999999999954        35.573986659354873        2.8110428262530157E-002
   4.4499999999999957        34.038362712664203        2.9378616370050702E-002
   4.4749999999999961        31.458493894987082        3.1787917226366334E-002
   4.4999999999999964        31.526357353880929        3.1719490735167312E-002
   4.5249999999999968        30.700635911564586        3.2572615201866592E-002
   4.5499999999999972        28.362422082790754        3.5257919689685537E-002
   4.5749999999999975        28.156690817227826        3.5515537194738260E-002
   4.5999999999999979        30.909189868600830        3.2352837594616227E-002
   4.6249999999999982        30.856983911700919        3.2407574339136935E-002
   4.6499999999999986        28.962365591075098        3.4527566363852374E-002
   4.6749999999999989        27.775764645205381        3.6002609208910429E-002
   4.6999999999999993        28.772850399428052        3.4754985554711605E-002
   4.7249999999999996        28.508774213618558        3.5076920266964788E-002
   4.7500000000000000        27.215403735189057        3.6743897306473428E-002
   4.7750000000000004        28.065179064555036        3.5631342230164197E-002
   4.8000000000000007        25.806974889860793        3.8749214282875373E-002
   4.8250000000000011        27.123418878041811        3.6868508520124861E-002
   4.8500000000000014        25.303243134026701        3.9520625664590935E-002
   4.8750000000000018        26.545294622748045        3.7671459827876536E-002
   4.9000000000000021        27.049910333508915        3.6968699255214128E-002
   4.9250000000000025        24.079117475801585        4.1529761254952738E-002
   4.9500000000000028        24.708611921305092        4.0471719058315300E-002
   4.9750000000000032        23.528621829408042        4.2501426868534913E-002
