  0.50000000000000000        0.0000000000000000                       Infinity
  0.52500000000000002        3.8013145866854835E-006   263066.88836083404     
  0.55000000000000004        8.6624513923004633E-007   1154407.6321038180     
  0.57500000000000007        3.1689597972179545E-006   315560.96132172615     
  0.60000000000000009        2.6151523520381381E-005   38238.689964683806     
  0.62500000000000011        3.2791334345438635E-005   30495.861786701058     
  0.65000000000000013        6.1797981984216277E-005   16181.758172223299     
  0.67500000000000016        1.6514749374707142E-004   6055.1933142354037     
  0.70000000000000018        5.4083771398356288E-004   1848.9834827428324     
  0.72500000000000020        1.6566115418189032E-003   603.64181629571044     
  0.75000000000000022        2.0088754437081404E-003   497.79094225678887     
  0.77500000000000024        5.2408184184963855E-003   190.80989268216328     
  0.80000000000000027        1.0028942591252511E-002   99.711409343615585     
  0.82500000000000029        1.8590808184403437E-002   53.790023009270755     
  0.85000000000000031        3.0639265437434022E-002   32.637858177181812     
  0.87500000000000033        4.1715790013940116E-002   23.971738271427466     
  0.90000000000000036        6.4795360057341433E-002   15.433203845383959     
  0.92500000000000038       0.11298108441546528        8.8510391378675433     
  0.95000000000000040       0.14237068091035060        7.0239180820501241     
  0.97500000000000042       0.23740995321439590        4.2121233185911882     
   1.0000000000000004       0.36524059987908597        2.7379212506250759     
   1.0250000000000004       0.42174280461537617        2.3711133635391519     
   1.0500000000000003       0.63475767353833290        1.5754043498610972     
   1.0750000000000002        1.0178104928153193       0.98250116997118542     
   1.1000000000000001        1.3458683112248238       0.74301474494925723     
   1.1250000000000000        1.7383760405650588       0.57524952982839672     
   1.1499999999999999        2.4486844658666476       0.40838254742065194     
   1.1749999999999998        2.9884587010795745       0.33462065232447485     
   1.1999999999999997        3.8699965335965905       0.25839816426673839     
   1.2249999999999996        5.7699420138536004       0.17331196701786694     
   1.2499999999999996        6.4420384319863668       0.15523036854836886     
   1.2749999999999995        8.6344733221342036       0.11581482305776904     
   1.2999999999999994        10.716027621219890        9.3318161855032819E-002
   1.3249999999999993        13.548902361658136        7.3806716832640784E-002
   1.3499999999999992        17.145046857374496        5.8325883173067916E-002
   1.3749999999999991        20.646837532464083        4.8433567534381411E-002
   1.3999999999999990        26.542914423700189        3.7674837963803220E-002
   1.4249999999999989        30.460555373849733        3.2829342332296937E-002
   1.4499999999999988        34.581382576191260        2.8917293800985400E-002
   1.4749999999999988        45.142964858624822        2.2151845877463324E-002
   1.4999999999999987        55.010716142638913        1.8178276345413691E-002
   1.5249999999999986        68.215410335379715        1.4659444179599884E-002
   1.5499999999999985        75.521647624525841        1.3241236538849658E-002
   1.5749999999999984        90.811488604592981        1.1011822571857090E-002
   1.5999999999999983        115.33425149251356        8.6704512064649832E-003
   1.6249999999999982        129.06934042051611        7.7477733808969385E-003
   1.6499999999999981        152.36096211173671        6.5633610220092444E-003
   1.6749999999999980        183.84824955120808        5.4392685404462638E-003
   1.6999999999999980        223.02836180438550        4.4837346780006553E-003
   1.7249999999999979        235.37506708353436        4.2485383536613125E-003
   1.7499999999999978        279.75242738523656        3.5745891799642457E-003
   1.7749999999999977        341.83937473035616        2.9253505415776132E-003
   1.7999999999999976        375.84013008033884        2.6607057628099534E-003
   1.8249999999999975        402.52239186417444        2.4843338413268598E-003
   1.8499999999999974        497.01463093570982        2.0120132039520436E-003
   1.8749999999999973        621.36311331602099        1.6093649245822014E-003
   1.8999999999999972        696.49245955094057        1.4357657233572121E-003
   1.9249999999999972        840.61248291120080        1.1896087916001556E-003
   1.9499999999999971        941.89305448150935        1.0616916594108205E-003
   1.9749999999999970        1129.6280838136640        8.8524711303561519E-004
   1.9999999999999969        1212.9476291357701        8.2443790315374452E-004
   2.0249999999999968        1679.7833945448474        5.9531485026434558E-004
   2.0499999999999967        1814.4811090280384        5.5112174771313502E-004
   2.0749999999999966        2312.6523906298430        4.3240393759636891E-004
   2.0999999999999965        2508.5867052916506        3.9863082981767581E-004
   2.1249999999999964        3757.2053946544347        2.6615526567239317E-004
   2.1499999999999964        3362.9680917145065        2.9735637470475689E-004
   2.1749999999999963        4258.7910309407425        2.3480842162361409E-004
   2.1999999999999962        6190.6313802933901        1.6153441201220535E-004
   2.2249999999999961        8205.5807424762825        1.2186827860013474E-004
   2.2499999999999960        9560.3577897143332        1.0459859578434045E-004
   2.2749999999999959        9270.3068424182020        1.0787129455351938E-004
   2.2999999999999958        9966.4272856425432        1.0033685806754263E-004
   2.3249999999999957        11016.526249249679        9.0772715225737215E-005
   2.3499999999999956        9790.5813476927233        1.0213898077009114E-004
   2.3749999999999956        6958.2059904900607        1.4371520494890823E-004
   2.3999999999999955        8093.1447235546993        1.2356136386509304E-004
   2.4249999999999954        5762.7643756117395        1.7352783053772630E-004
   2.4499999999999953        4645.8414478832146        2.1524626081581628E-004
   2.4749999999999952        3987.2340411227942        2.5080042698431685E-004
   2.4999999999999951        3288.0566138496301        3.0413101641495400E-004
   2.5249999999999950        3124.3473975947600        3.2006684044477181E-004
   2.5499999999999949        3096.3264716007748        3.2296335970121662E-004
   2.5749999999999948        2694.0798882266795        3.7118424155500027E-004
   2.5999999999999948        2245.0275417830535        4.4542883389563076E-004
   2.6249999999999947        2087.3906975637838        4.7906700033065723E-004
   2.6499999999999946        2006.3348387361827        4.9842129075020872E-004
   2.6749999999999945        1877.8772287213947        5.3251617555471293E-004
   2.6999999999999944        1617.3523239949827        6.1829447125653133E-004
   2.7249999999999943        1578.2511007787884        6.3361273722955093E-004
   2.7499999999999942        1593.3153760361813        6.2762213623255203E-004
   2.7749999999999941        1398.4441525148982        7.1508039716970152E-004
   2.7999999999999940        1346.7575953582941        7.4252412122759030E-004
   2.8249999999999940        1377.6083104906797        7.2589573711544881E-004
   2.8499999999999939        1228.6749587034544        8.1388490333947957E-004
   2.8749999999999938        1181.9079343369556        8.4608959035459470E-004
   2.8999999999999937        1048.2952899280529        9.5392968909421740E-004
   2.9249999999999936        1099.2462113063057        9.0971430214131473E-004
   2.9499999999999935        1000.2680845967996        9.9973198725328955E-004
   2.9749999999999934        1004.3960871158432        9.9562315388098863E-004
   2.9999999999999933        943.50223323194552        1.0598809041230592E-003
   3.0249999999999932        791.91408863996560        1.2627632395294311E-003
   3.0499999999999932        845.87651342153003        1.1822056578389296E-003
   3.0749999999999931        860.80589500723727        1.1617020815030460E-003
   3.0999999999999930        781.86078095093865        1.2790000782284404E-003
   3.1249999999999929        745.29697606826801        1.3417470244886673E-003
   3.1499999999999928        824.83925321763581        1.2123574334018117E-003
   3.1749999999999927        667.40320128247026        1.4983446259748494E-003
   3.1999999999999926        708.29823350457877        1.4118346661011905E-003
   3.2249999999999925        688.62630211979251        1.4521664318102700E-003
   3.2499999999999925        599.68543560628802        1.6675409149948589E-003
   3.2749999999999924        636.08290028093575        1.5721221236388130E-003
   3.2999999999999923        590.75465295890899        1.6927501036027503E-003
   3.3249999999999922        548.45484948856779        1.8233041442381199E-003
   3.3499999999999921        578.94853701073225        1.7272692408262576E-003
   3.3749999999999920        522.98992776771479        1.9120827130807547E-003
   3.3999999999999919        555.06647583292010        1.8015860145389304E-003
   3.4249999999999918        516.41052633572451        1.9364438736283395E-003
   3.4499999999999917        520.23167861975207        1.9222205050125761E-003
   3.4749999999999917        487.18643829549569        2.0526022922531862E-003
   3.4999999999999916        431.20953612074368        2.3190581752811430E-003
   3.5249999999999915        446.50211201256104        2.2396310635410116E-003
   3.5499999999999914        439.80475084681370        2.2737362388072641E-003
   3.5749999999999913        454.20740087702620        2.2016373975173153E-003
   3.5999999999999912        407.12618658117276        2.4562409222493482E-003
   3.6249999999999911        450.03825363583184        2.2220333314358514E-003
   3.6499999999999910        433.05658646801646        2.3091670494055755E-003
   3.6749999999999909        414.70523889231094        2.4113512592004562E-003
   3.6999999999999909        398.99453216847064        2.5063000100907697E-003
   3.7249999999999908        390.28897675058414        2.5622040579410324E-003
   3.7499999999999907        347.27703759409212        2.8795454111447188E-003
   3.7749999999999906        378.44974079353705        2.6423587922221599E-003
   3.7999999999999905        346.45788593217532        2.8863536972449401E-003
   3.8249999999999904        349.90014746538475        2.8579582124895475E-003
   3.8499999999999903        351.44076664343822        2.8454297136637297E-003
   3.8749999999999902        325.91260731424222        3.0683072012486104E-003
   3.8999999999999901        360.84615429304654        2.7712641193562248E-003
   3.9249999999999901        337.41863307535067        2.9636774676183486E-003
   3.9499999999999900        311.93878023866466        3.2057572297836743E-003
   3.9749999999999899        314.35333638906656        3.1811337251478294E-003
   3.9999999999999898        273.41732520342583        3.6574127087813028E-003
   4.0249999999999897        288.91978788081076        3.4611682617340630E-003
   4.0499999999999901        283.90441911397966        3.5223122032437544E-003
   4.0749999999999904        264.47014265181360        3.7811451605580418E-003
   4.0999999999999908        280.81029054069484        3.5611230559767560E-003
   4.1249999999999911        263.60075301729262        3.7936158700366020E-003
   4.1499999999999915        258.56566379517557        3.8674895394933658E-003
   4.1749999999999918        282.60005700356083        3.5385697037824721E-003
   4.1999999999999922        235.79945147400358        4.2408919687849569E-003
   4.2249999999999925        243.17738406865325        4.1122245139279994E-003
   4.2499999999999929        245.56878357217428        4.0721788227862984E-003
   4.2749999999999932        254.50485111557228        3.9291981886266430E-003
   4.2999999999999936        247.97554535165247        4.0326557144250118E-003
   4.3249999999999940        217.97562997710165        4.5876688146516660E-003
   4.3499999999999943        233.34316318108478        4.2855337450960805E-003
   4.3749999999999947        216.06262451156186        4.6282877580545558E-003
   4.3999999999999950        210.85869630045391        4.7425124860636225E-003
   4.4249999999999954        229.62100630366447        4.3550022539207084E-003
   4.4499999999999957        220.23409354000873        4.5406230430818173E-003
   4.4749999999999961        212.35190996600542        4.7091641424844548E-003
   4.4999999999999964        189.71664538641468        5.2710187762555092E-003
   4.5249999999999968        219.37728165326342        4.5583571483055804E-003
   4.5499999999999972        199.54841863944725        5.0113150824153780E-003
   4.5749999999999975        202.17103772013181        4.9463069056622936E-003
   4.5999999999999979        191.73034458639108        5.2156584924376104E-003
   4.6249999999999982        186.21574828507491        5.3701150907447147E-003
   4.6499999999999986        186.54779055742270        5.3605566542058959E-003
   4.6749999999999989        177.88078959705766        5.6217425291693280E-003
   4.6999999999999993        178.68847275873881        5.5963318985336992E-003
   4.7249999999999996        194.18404550893129        5.1497536647726605E-003
   4.7500000000000000        168.62404148914649        5.9303524643866705E-003
   4.7750000000000004        203.44812307833601        4.9152579285037610E-003
   4.8000000000000007        196.81010221196573        5.0810399911433088E-003
   4.8250000000000011        181.29390669380197        5.5159051853240675E-003
   4.8500000000000014        178.23024781857094        5.6107199100006167E-003
   4.8750000000000018        180.76883490218151        5.5319270079996078E-003
   4.9000000000000021        164.16805801548432        6.0913189331001285E-003
   4.9250000000000025        170.94973432700704        5.8496727353030912E-003
   4.9500000000000028        161.82258289508906        6.1796072100042329E-003
   4.9750000000000032        177.90209237100731        5.6210693571525968E-003
