  0.50000000000000000        1.0000000000000007       0.99999999999999933     
  0.52500000000000002        1.0000000000000007       0.99999999999999933     
  0.55000000000000004        1.0000000000000007       0.99999999999999933     
  0.57500000000000007        1.0000000000000007       0.99999999999999933     
  0.60000000000000009        1.0000000000000007       0.99999999999999933     
  0.62500000000000011        1.0000000000000007       0.99999999999999933     
  0.65000000000000013        1.0000000000000007       0.99999999999999933     
  0.67500000000000016        1.0000000000000007       0.99999999999999933     
  0.70000000000000018       0.99996800000000063        1.0000320010240322     
  0.72500000000000020       0.99996800000000063        1.0000320010240322     
  0.75000000000000022        1.0000000000000007       0.99999999999999933     
  0.77500000000000024       0.99996800000000075        1.0000320010240320     
  0.80000000000000027       0.99984000000000062        1.0001600256040961     
  0.82500000000000029       0.99987200000000054        1.0001280163860968     
  0.85000000000000031       0.99987200000000065        1.0001280163860968     
  0.87500000000000033       0.99974400000000052        1.0002560655527810     
  0.90000000000000036       0.99958400000000047        1.0004161731280208     
  0.92500000000000038       0.99955200000000044        1.0004482007939552     
  0.95000000000000040       0.99961600000000050        1.0003841475126443     
  0.97500000000000042       0.99942400000000020        1.0005763319672130     
   1.0000000000000004       0.99920000000000031        1.0008006405124097     
   1.0250000000000004       0.99900800000000012        1.0009929850411607     
   1.0500000000000003       0.99916800000000028        1.0008326928004097     
   1.0750000000000002       0.99862399999999996        1.0013778959848751     
   1.1000000000000001       0.99795199999999973        1.0020522029115631     
   1.1250000000000000       0.99827200000000005        1.0017309911527119     
   1.1499999999999999       0.99740799999999952        1.0025987359235142     
   1.1749999999999998       0.99708799999999975        1.0029205045091307     
   1.1999999999999997       0.99699199999999966        1.0030170753626912     
   1.2249999999999996       0.99683199999999994        1.0031780681198037     
   1.2499999999999996       0.99555199999999955        1.0044678730995473     
   1.2749999999999995       0.99574399999999952        1.0042741909567123     
   1.2999999999999994       0.99555199999999955        1.0044678730995473     
   1.3249999999999993       0.99343999999999943        1.0066033177645359     
   1.3499999999999992       0.99427200000000016        1.0057609990022849     
   1.3749999999999991       0.99119999999999941        1.0088781275221959     
   1.3999999999999990       0.99164799999999931        1.0084223434121793     
   1.4249999999999989       0.99119999999999997        1.0088781275221954     
   1.4499999999999988       0.98831999999999987        1.0118180346446497     
   1.4749999999999988       0.98825599999999991        1.0118835605349221     
   1.4999999999999987       0.98710399999999987        1.0130644795279931     
   1.5249999999999986       0.98489599999999988        1.0153356293456366     
   1.5499999999999985       0.98182400000000003        1.0185124828889902     
   1.5749999999999984       0.98028800000000038        1.0201083763138992     
   1.5999999999999983       0.98201599999999989        1.0183133472367050     
   1.6249999999999982       0.97955200000000009        1.0208748489105222     
   1.6499999999999981       0.97680000000000033        1.0237510237510234     
   1.6749999999999980       0.97552000000000028        1.0250943086763979     
   1.6999999999999980       0.97024000000000032        1.0306728232189970     
   1.7249999999999979       0.96662400000000026        1.0345284205647696     
   1.7499999999999978       0.96838400000000036        1.0326482056704775     
   1.7749999999999977       0.96140800000000037        1.0401411263480225     
   1.7999999999999976       0.95836800000000044        1.0434405155430895     
   1.8249999999999975       0.94937600000000000        1.0533234461372523     
   1.8499999999999974       0.95200000000000029        1.0504201680672265     
   1.8749999999999973       0.95088000000000061        1.0516574120814397     
   1.8999999999999972       0.94348800000000010        1.0598968932302264     
   1.9249999999999972       0.92294400000000021        1.0834893558005683     
   1.9499999999999971       0.92659199999999997        1.0792236496753695     
   1.9749999999999970       0.92585600000000046        1.0800815677599966     
   1.9999999999999969       0.91232000000000057        1.0961066292528929     
   2.0249999999999968       0.91395200000000021        1.0941493645180489     
   2.0499999999999967       0.89004800000000017        1.1235349104767380     
   2.0749999999999966       0.86598400000000020        1.1547557460645921     
   2.0999999999999965       0.86908799999999997        1.1506314665488420     
   2.1249999999999964      -0.84172800000000003       -1.1880322384428224     
   2.1499999999999964       0.82214399999999999        1.2163319321189476     
   2.1749999999999963       0.83881599999999990        1.1921565635371763     
   2.1999999999999962       0.13683199999999987        7.3082319925163777     
   2.2249999999999961       0.76255999999999990        1.3113722198908939     
   2.2499999999999960       0.64537600000000006        1.5494843316144387     
   2.2749999999999959      -0.70419200000000026       -1.4200672543851671     
   2.2999999999999958      -0.67321600000000015       -1.4854073581138889     
   2.3249999999999957       0.60172800000000026        1.6618804509678784     
   2.3499999999999956       0.23680000000000012        4.2229729729729710     
   2.3749999999999956       0.14502400000000001        6.8954104148278903     
   2.3999999999999955      -0.52911999999999981       -1.8899304505594201     
   2.4249999999999954      -0.15072000000000002       -6.6348195329087041     
   2.4499999999999953       0.41190399999999999        2.4277501553760099     
   2.4749999999999952      -0.18307199999999998       -5.4623317601817867     
   2.4999999999999951       0.15939200000000003        6.2738405942581794     
   2.5249999999999950        8.2784000000000024E-002   12.079628913799764     
   2.5499999999999949       -5.0591999999999991E-002  -19.765970904490832     
   2.5749999999999948       -7.4368000000000004E-002  -13.446643717728055     
   2.5999999999999948      -0.11939200000000000       -8.3757705708925219     
   2.6249999999999947        5.1392000000000035E-002   19.458281444582802     
   2.6499999999999946        6.9727999999999971E-002   14.341441027994499     
   2.6749999999999945        3.1904000000000002E-002   31.344032096288863     
   2.6999999999999944       -6.8159999999999984E-002  -14.671361502347422     
   2.7249999999999943        3.1519999999999999E-002   31.725888324873097     
   2.7499999999999942       -5.4687999999999973E-002  -18.285547103569346     
   2.7749999999999941       -4.0672000000000007E-002  -24.586939417781270     
   2.7999999999999940        8.0415999999999974E-002   12.435336251492245     
   2.8249999999999940        8.2592000000000013E-002   12.107710189848895     
   2.8499999999999939        9.3759999999999954E-003   106.65529010238913     
   2.8749999999999938       -3.1360000000000112E-003  -318.87755102040705     
   2.8999999999999937       -2.1503999999999988E-002  -46.502976190476218     
   2.9249999999999936       -2.1888000000000008E-002  -45.687134502923961     
   2.9499999999999935       -5.5232000000000010E-002  -18.105446118192347     
   2.9749999999999934        1.5967999999999993E-002   62.625250501002036     
   2.9999999999999933       -2.1536000000000007E-002  -46.433878157503699     
   3.0249999999999932        2.7519999999999836E-003   363.37209302325800     
   3.0499999999999932       -6.1759999999999957E-003  -161.91709844559597     
   3.0749999999999931        8.4800000000000028E-002   11.792452830188676     
   3.0999999999999930       -1.1167999999999992E-002  -89.541547277937028     
   3.1249999999999929        3.5264000000000018E-002   28.357531760435556     
   3.1499999999999928       -4.0960000000000042E-003  -244.14062499999974     
   3.1749999999999927       -5.9840000000000023E-003  -167.11229946524057     
   3.1999999999999926        2.7488000000000002E-002   36.379511059371360     
   3.2249999999999925       -7.1359999999999991E-003  -140.13452914798208     
   3.2499999999999925        8.4159999999999999E-003   118.82129277566540     
   3.2749999999999924       -1.1648000000000018E-002  -85.851648351648223     
   3.2999999999999923        3.3919999999999974E-003   294.81132075471720     
   3.3249999999999922       -2.4256000000000007E-002  -41.226912928759880     
   3.3499999999999921        1.2896000000000005E-002   77.543424317617834     
   3.3749999999999920        2.8351999999999974E-002   35.270880361173845     
   3.3999999999999919        3.9359999999999985E-003   254.06504065040659     
   3.4249999999999918       -7.8399999999999997E-003  -127.55102040816327     
   3.4499999999999917        4.7359999999999989E-003   211.14864864864870     
   3.4749999999999917       -8.8959999999999994E-003  -112.41007194244605     
   3.4999999999999916        1.9840000000000062E-003   504.03225806451456     
   3.5249999999999915        7.0400000000000215E-004   1420.4545454545412     
   3.5499999999999914        9.6640000000000024E-003   103.47682119205295     
   3.5749999999999913       -1.1680000000000003E-002  -85.616438356164366     
   3.5999999999999912        9.5040000000000038E-003   105.21885521885518     
   3.6249999999999911        4.0000000000000001E-003   250.00000000000000     
   3.6499999999999910        1.1200000000000000E-002   89.285714285714292     
   3.6749999999999909       -7.9680000000000011E-003  -125.50200803212850     
   3.6999999999999909       -4.6400000000000026E-003  -215.51724137931024     
   3.7249999999999908        6.3039999999999997E-003   158.62944162436548     
   3.7499999999999907       -2.1055999999999995E-002  -47.492401215805479     
   3.7749999999999906       -1.6640000000000027E-003  -600.96153846153743     
   3.7999999999999905        6.0480000000000013E-003   165.34391534391531     
   3.8249999999999904       -6.4320000000000028E-003  -155.47263681592034     
   3.8499999999999903        5.3439999999999972E-003   187.12574850299410     
   3.8749999999999902        3.8400000000000451E-004   2604.1666666666360     
   3.8999999999999901       -5.2799999999999991E-003  -189.39393939393943     
   3.9249999999999901       -1.3568000000000000E-002  -73.702830188679243     
   3.9499999999999900        5.1199999999999868E-004   1953.1250000000050     
   3.9749999999999899       -2.8159999999999982E-003  -355.11363636363660     
   3.9999999999999898       -3.1679999999999981E-003  -315.65656565656587     
   4.0249999999999897       -1.2096000000000001E-002  -82.671957671957671     
   4.0499999999999901        3.6479999999999993E-003   274.12280701754389     
   4.0749999999999904        1.8303999999999997E-002   54.632867132867140     
   4.0999999999999908        6.6559999999999953E-003   150.24038461538473     
   4.1249999999999911       -9.8560000000000002E-003  -101.46103896103897     
   4.1499999999999915       -1.2927999999999997E-002  -77.351485148514868     
   4.1749999999999918        5.2479999999999992E-003   190.54878048780492     
   4.1999999999999922       -6.5279999999999991E-003  -153.18627450980395     
   4.2249999999999925       -1.3119999999999985E-003  -762.19512195122036     
   4.2499999999999929        1.5296000000000002E-002   65.376569037656893     
   4.2749999999999932        5.5999999999999999E-003   178.57142857142858     
   4.2999999999999936        1.4911999999999998E-002   67.060085836909877     
   4.3249999999999940       -4.6720000000000017E-003  -214.04109589041087     
   4.3499999999999943       -2.0480000000000003E-003  -488.28124999999994     
   4.3749999999999947       -8.8000000000000005E-003  -113.63636363636363     
   4.3999999999999950        8.2240000000000004E-003   121.59533073929960     
   4.4249999999999954        1.4879999999999996E-002   67.204301075268830     
   4.4499999999999957        1.2479999999999991E-003   801.28205128205184     
   4.4749999999999961       -2.5600000000000006E-003  -390.62499999999989     
   4.4999999999999964       -1.1328000000000008E-002  -88.276836158192026     
   4.5249999999999968        3.0719999999999979E-003   325.52083333333354     
   4.5499999999999972        4.4159999999999989E-003   226.44927536231890     
   4.5749999999999975        4.2559999999999994E-003   234.96240601503763     
   4.5999999999999979       -4.1280000000000006E-003  -242.24806201550385     
   4.6249999999999982       -5.7599999999999995E-003  -173.61111111111111     
   4.6499999999999986        8.3199999999999995E-004   1201.9230769230769     
   4.6749999999999989        8.1599999999999954E-003   122.54901960784321     
   4.6999999999999993       -7.8079999999999990E-003  -128.07377049180329     
   4.7249999999999996        1.5999999999999974E-004   6250.0000000000100     
   4.7500000000000000        2.1760000000000000E-003   459.55882352941177     
   4.7750000000000004        1.7920000000000024E-003   558.03571428571354     
   4.8000000000000007        5.3760000000000023E-003   186.01190476190467     
   4.8250000000000011       -4.1600000000000014E-003  -240.38461538461530     
   4.8500000000000014        1.7568000000000004E-002   56.921675774134776     
   4.8750000000000018        3.7120000000000000E-003   269.39655172413791     
   4.9000000000000021        9.5999999999999974E-003   104.16666666666670     
   4.9250000000000025        2.8160000000000008E-003   355.11363636363626     
   4.9500000000000028       -1.7599999999999998E-003  -568.18181818181824     
   4.9750000000000032        1.9840000000000001E-003   504.03225806451610     
