  0.50000000000000000        1.0000000000000007       0.99999999999999933     
  0.52500000000000002        1.0000000000000007       0.99999999999999933     
  0.55000000000000004        1.0000000000000007       0.99999999999999933     
  0.57500000000000007        1.0000000000000007       0.99999999999999933     
  0.60000000000000009       0.99999200000000066        1.0000080000639999     
  0.62500000000000011       0.99999200000000066        1.0000080000639999     
  0.65000000000000013       0.99999200000000066        1.0000080000639999     
  0.67500000000000016       0.99999200000000066        1.0000080000639999     
  0.70000000000000018       0.99996800000000063        1.0000320010240322     
  0.72500000000000020       0.99996800000000075        1.0000320010240320     
  0.75000000000000022       0.99992800000000059        1.0000720051843728     
  0.77500000000000024       0.99995200000000062        1.0000480023041101     
  0.80000000000000027       0.99990400000000068        1.0000960092168842     
  0.82500000000000029       0.99985600000000052        1.0001440207389858     
  0.85000000000000031       0.99978400000000056        1.0002160466660792     
  0.87500000000000033       0.99980000000000058        1.0002000400080011     
  0.90000000000000036       0.99967200000000045        1.0003281076192987     
  0.92500000000000038       0.99965600000000043        1.0003441183767212     
  0.95000000000000040       0.99937600000000015        1.0006243896191223     
  0.97500000000000042       0.99941600000000019        1.0005843412552928     
   1.0000000000000004       0.99922400000000011        1.0007766026436513     
   1.0250000000000004       0.99910400000000010        1.0008968035359682     
   1.0500000000000003       0.99884799999999996        1.0011533286345871     
   1.0750000000000002       0.99890399999999979        1.0010972025339775     
   1.1000000000000001       0.99837599999999949        1.0016266416660662     
   1.1250000000000000       0.99810399999999921        1.0018996016447193     
   1.1499999999999999       0.99780799999999947        1.0021968154193999     
   1.1749999999999998       0.99739199999999917        1.0026148194491242     
   1.1999999999999997       0.99704799999999916        1.0029607401047902     
   1.2249999999999996       0.99682399999999904        1.0031861191143081     
   1.2499999999999996       0.99614399999999903        1.0038709262917820     
   1.2749999999999995       0.99524799999999947        1.0047746893236666     
   1.2999999999999994       0.99468799999999935        1.0053403680350026     
   1.3249999999999993       0.99397599999999942        1.0060605085032239     
   1.3499999999999992       0.99368000000000090        1.0063601964415094     
   1.3749999999999991       0.99180800000000002        1.0082596631606118     
   1.3999999999999990       0.99216800000000005        1.0078938244329589     
   1.4249999999999989       0.98992800000000036        1.0101744773357251     
   1.4499999999999988       0.98939200000000060        1.0107217361773688     
   1.4749999999999988       0.98840799999999973        1.0117279504010492     
   1.4999999999999987       0.98656800000000056        1.0136148750010130     
   1.5249999999999986       0.98491999999999991        1.0153108881939650     
   1.5499999999999985       0.98220799999999997        1.0181142894376751     
   1.5749999999999984       0.98138400000000003        1.0189691293112584     
   1.5999999999999983       0.97924000000000055        1.0212001143744123     
   1.6249999999999982       0.97700000000000031        1.0235414534288636     
   1.6499999999999981       0.97499999999999987        1.0256410256410258     
   1.6749999999999980       0.97219199999999961        1.0286034034429417     
   1.6999999999999980       0.97011200000000020        1.0308088138276816     
   1.7249999999999979       0.96704799999999991        1.0340748339275818     
   1.7499999999999978       0.96561600000000025        1.0356083577736903     
   1.7749999999999977       0.96193600000000001        1.0395702000964722     
   1.7999999999999976       0.95948000000000000        1.0422312085713095     
   1.8249999999999975       0.95010399999999962        1.0525163561041744     
   1.8499999999999974       0.94992000000000010        1.0527202290719218     
   1.8749999999999973       0.94254399999999972        1.0609584274049808     
   1.8999999999999972       0.93987199999999982        1.0639746688910832     
   1.9249999999999972       0.93267200000000039        1.0721882934193367     
   1.9499999999999971       0.92887999999999971        1.0765653259839811     
   1.9749999999999970       0.91912000000000027        1.0879972147271300     
   1.9999999999999969       0.91159199999999962        1.0969819831679088     
   2.0249999999999968       0.89756800000000037        1.1141217155691820     
   2.0499999999999967       0.88250399999999984        1.1331393398783463     
   2.0749999999999966       0.87559999999999993        1.1420740063956145     
   2.0999999999999965       0.87712800000000002        1.1400844574566085     
   2.1249999999999964       0.85587200000000008        1.1683990129365138     
   2.1499999999999964       0.84044800000000042        1.1898416082851044     
   2.1749999999999963       0.82301600000000019        1.2150432069364383     
   2.1999999999999962       0.75566399999999978        1.3233394736284914     
   2.2249999999999961       0.74338400000000016        1.3451997890726728     
   2.2499999999999960       0.71248800000000001        1.4035324103704203     
   2.2749999999999959      -0.67341599999999990       -1.4849662021692389     
   2.2999999999999958      -0.58006400000000002       -1.7239477023225023     
   2.3249999999999957       0.64593599999999995        1.5481409922964506     
   2.3499999999999956      -0.34542399999999995       -2.8949928204178059     
   2.3749999999999956       -6.0375999999999999E-002  -16.562872664634956     
   2.3999999999999955      -0.27736799999999995       -3.6053185659484881     
   2.4249999999999954      -0.16288800000000001       -6.1391876626884727     
   2.4499999999999953      -0.17204799999999995       -5.8123314423881727     
   2.4749999999999952        4.4000000000000018E-002   22.727272727272720     
   2.4999999999999951       -7.5927999999999968E-002  -13.170371931303345     
   2.5249999999999950        3.3807999999999998E-002   29.578797917652629     
   2.5499999999999949       0.11332800000000001        8.8239446562191155     
   2.5749999999999948       0.11651999999999998        8.5822176450394796     
   2.5999999999999948       -4.4176000000000007E-002  -22.636725823976818     
   2.6249999999999947       -2.6448000000000037E-002  -37.810042347247375     
   2.6499999999999946       -1.5440000000000004E-002  -64.766839378238330     
   2.6749999999999945        3.4039999999999980E-002   29.377203290246786     
   2.6999999999999944       -8.3199999999997078E-004  -1201.9230769231192     
   2.7249999999999943       -2.2720000000000001E-002  -44.014084507042256     
   2.7499999999999942       -1.5784000000000010E-002  -63.355296502787596     
   2.7749999999999941       -2.7607999999999990E-002  -36.221385105766458     
   2.7999999999999940        4.1856000000000032E-002   23.891437308868483     
   2.8249999999999940       -1.6304000000000003E-002  -61.334641805691845     
   2.8499999999999939        1.6479999999999998E-002   60.679611650485441     
   2.8749999999999938       -1.0079999999999965E-003  -992.06349206349546     
   2.8999999999999937        3.6512000000000017E-002   27.388255915863265     
   2.9249999999999936        1.0871999999999996E-002   91.979396615158237     
   2.9499999999999935        6.0080000000000029E-003   166.44474034620498     
   2.9749999999999934        9.5040000000000038E-003   105.21885521885518     
   2.9999999999999933       -1.9439999999999999E-002  -51.440329218106996     
   3.0249999999999932        1.4528000000000001E-002   68.832599118942724     
   3.0499999999999932       -3.4847999999999983E-002  -28.696051423324164     
   3.0749999999999931        3.7999999999999996E-003   263.15789473684214     
   3.0999999999999930        7.9840000000000015E-003   125.25050100200399     
   3.1249999999999929        5.7840000000000018E-003   172.89073305670811     
   3.1499999999999928        2.1919999999999982E-003   456.20437956204415     
   3.1749999999999927        4.7679999999999979E-003   209.73154362416116     
   3.1999999999999926       -1.8647999999999994E-002  -53.625053625053638     
   3.2249999999999925        5.0399999999999985E-003   198.41269841269846     
   3.2499999999999925        1.5920000000000014E-003   628.14070351758744     
   3.2749999999999924       -7.4159999999999998E-003  -134.84358144552320     
   3.2999999999999923       -3.6880000000000007E-003  -271.14967462039039     
   3.3249999999999922        3.2480000000000005E-003   307.88177339901472     
   3.3499999999999921        5.2719999999999998E-003   189.68133535660093     
   3.3749999999999920        1.2960000000000003E-003   771.60493827160474     
   3.3999999999999919        5.4720000000000003E-003   182.74853801169590     
   3.4249999999999918       -3.2399999999999985E-003  -308.64197530864209     
   3.4499999999999917        7.8239999999999994E-003   127.81186094069531     
   3.4749999999999917        1.7568000000000014E-002   56.921675774134748     
   3.4999999999999916       -1.2016000000000002E-002  -83.222370173102519     
   3.5249999999999915        5.6799999999999949E-003   176.05633802816916     
   3.5499999999999914       -6.0720000000000010E-003  -164.69038208168641     
   3.5749999999999913       -7.1999999999999998E-003  -138.88888888888889     
   3.5999999999999912       -2.3599999999999997E-003  -423.72881355932208     
   3.6249999999999911       -1.2784000000000002E-002  -78.222778473091353     
   3.6499999999999910       -1.5760000000000004E-003  -634.51776649746182     
   3.6749999999999909       -8.3200000000000017E-004  -1201.9230769230767     
   3.6999999999999909       -1.7199999999999989E-003  -581.39534883720967     
   3.7249999999999908        8.0160000000000040E-003   124.75049900199595     
   3.7499999999999907       -1.5016000000000002E-002  -66.595631326584964     
   3.7749999999999906        9.6079999999999968E-003   104.07993338884266     
   3.7999999999999905       -7.8320000000000039E-003  -127.68130745658829     
   3.8249999999999904       -2.8159999999999995E-003  -355.11363636363643     
   3.8499999999999903        1.7599999999999981E-003   568.18181818181881     
   3.8749999999999902        9.5200000000000024E-003   105.04201680672266     
   3.8999999999999901        1.8639999999999989E-003   536.48068669527925     
   3.9249999999999901        8.3759999999999998E-003   119.38872970391596     
   3.9499999999999900        3.0480000000000017E-003   328.08398950131215     
   3.9749999999999899        5.0240000000000007E-003   199.04458598726112     
   3.9999999999999898       -1.6880000000000011E-003  -592.41706161137404     
   4.0249999999999897        5.2800000000000091E-004   1893.9393939393906     
   4.0499999999999901       -7.8160000000000000E-003  -127.94268167860798     
   4.0749999999999904       -3.2559999999999998E-003  -307.12530712530713     
   4.0999999999999908       -4.8719999999999979E-003  -205.25451559934328     
   4.1249999999999911        3.1920000000000021E-003   313.28320802004993     
   4.1499999999999915        6.5760000000000002E-003   152.06812652068126     
   4.1749999999999918        8.7840000000000001E-003   113.84335154826958     
   4.1999999999999922        1.5760000000000010E-003   634.51776649746148     
   4.2249999999999925        7.9999999999999857E-005   12500.000000000022     
   4.2499999999999929       -4.2079999999999999E-003  -237.64258555133080     
   4.2749999999999932        2.3200000000000000E-003   431.03448275862070     
   4.2999999999999936        4.3280000000000002E-003   231.05360443622919     
   4.3249999999999940        1.5200000000000077E-004   6578.9473684210197     
   4.3499999999999943       -6.9599999999999983E-003  -143.67816091954026     
   4.3749999999999947        2.2400000000000122E-004   4464.2857142856901     
   4.3999999999999950        3.8319999999999999E-003   260.96033402922757     
   4.4249999999999954        1.1839999999999999E-003   844.59459459459458     
   4.4499999999999957        1.9920000000000003E-003   502.00803212851400     
   4.4749999999999961        3.4080000000000017E-003   293.42723004694818     
   4.4999999999999964        7.2800000000000002E-004   1373.6263736263736     
   4.5249999999999968        1.2799999999999995E-003   781.25000000000034     
   4.5499999999999972        3.0640000000000003E-003   326.37075718015660     
   4.5749999999999975        2.8720000000000013E-003   348.18941504178258     
   4.5999999999999979        4.3120000000000025E-003   231.91094619666035     
   4.6249999999999982        3.2239999999999986E-003   310.17369727047162     
   4.6499999999999986        4.8800000000000015E-003   204.91803278688519     
   4.6749999999999989       -3.2720000000000006E-003  -305.62347188264056     
   4.6999999999999993        1.1840000000000006E-003   844.59459459459413     
   4.7249999999999996        6.7039999999999982E-003   149.16467780429599     
   4.7500000000000000       -6.6639999999999946E-003  -150.06002400960395     
   4.7750000000000004       -6.6399999999999901E-004  -1506.0240963855445     
   4.8000000000000007        3.5680000000000004E-003   280.26905829596410     
   4.8250000000000011       -2.9840000000000001E-003  -335.12064343163536     
   4.8500000000000014       -8.8000000000000079E-004  -1136.3636363636354     
   4.8750000000000018        1.6400000000000013E-003   609.75609756097515     
   4.9000000000000021        2.9759999999999973E-003   336.02150537634441     
   4.9250000000000025       -1.6000000000000001E-003  -625.00000000000000     
   4.9500000000000028       -1.9760000000000003E-003  -506.07287449392703     
   4.9750000000000032        8.1119999999999977E-003   123.27416173570023     
