  0.50000000000000000        1.0000000000000007       0.99999999999999933     
  0.52500000000000002        1.0000000000000007       0.99999999999999933     
  0.55000000000000004        1.0000000000000007       0.99999999999999933     
  0.57500000000000007        1.0000000000000007       0.99999999999999933     
  0.60000000000000009        1.0000000000000007       0.99999999999999933     
  0.62500000000000011        1.0000000000000007       0.99999999999999933     
  0.65000000000000013        1.0000000000000007       0.99999999999999933     
  0.67500000000000016        1.0000000000000007       0.99999999999999933     
  0.70000000000000018        1.0000000000000007       0.99999999999999933     
  0.72500000000000020        1.0000000000000007       0.99999999999999933     
  0.75000000000000022       0.99980000000000069        1.0002000400080009     
  0.77500000000000024        1.0000000000000007       0.99999999999999933     
  0.80000000000000027        1.0000000000000007       0.99999999999999933     
  0.82500000000000029       0.99980000000000069        1.0002000400080009     
  0.85000000000000031       0.99980000000000069        1.0002000400080009     
  0.87500000000000033       0.99980000000000069        1.0002000400080009     
  0.90000000000000036       0.99920000000000075        1.0008006405124092     
  0.92500000000000038       0.99920000000000064        1.0008006405124092     
  0.95000000000000040       0.99960000000000071        1.0004001600640249     
  0.97500000000000042       0.99900000000000067        1.0010010010010004     
   1.0000000000000004       0.99880000000000080        1.0012014417300752     
   1.0250000000000004       0.99820000000000075        1.0018032458425157     
   1.0500000000000003       0.99860000000000071        1.0014019627478463     
   1.0750000000000002       0.99840000000000084        1.0016025641025632     
   1.1000000000000001       0.99880000000000080        1.0012014417300752     
   1.1250000000000000       0.99800000000000066        1.0020040080160313     
   1.1499999999999999       0.99880000000000069        1.0012014417300754     
   1.1749999999999998       0.99740000000000062        1.0026067776218162     
   1.1999999999999997       0.99620000000000075        1.0038144950813082     
   1.2249999999999996       0.99760000000000071        1.0024057738572567     
   1.2499999999999996       0.99360000000000093        1.0064412238325273     
   1.2749999999999995       0.99560000000000093        1.0044194455604651     
   1.2999999999999994       0.99600000000000066        1.0040160642570275     
   1.3249999999999993       0.99420000000000097        1.0058338362502506     
   1.3499999999999992       0.99500000000000066        1.0050251256281399     
   1.3749999999999991       0.99260000000000104        1.0074551682450121     
   1.3999999999999990       0.99060000000000059        1.0094891984655758     
   1.4249999999999989       0.98740000000000094        1.0127607859023688     
   1.4499999999999988       0.98780000000000090        1.0123506782749536     
   1.4749999999999988       0.98520000000000063        1.0150223304912702     
   1.4999999999999987       0.98820000000000108        1.0119409026512840     
   1.5249999999999986       0.98520000000000085        1.0150223304912700     
   1.5499999999999985       0.98460000000000092        1.0156408693885832     
   1.5749999999999984       0.98400000000000076        1.0162601626016252     
   1.5999999999999983       0.98100000000000076        1.0193679918450553     
   1.6249999999999982       0.97700000000000120        1.0235414534288627     
   1.6499999999999981       0.97140000000000049        1.0294420424130117     
   1.6749999999999980       0.97300000000000109        1.0277492291880770     
   1.6999999999999980       0.97120000000000084        1.0296540362438211     
   1.7249999999999979       0.96220000000000050        1.0392849719393051     
   1.7499999999999978       0.96420000000000095        1.0371292263015961     
   1.7749999999999977       0.95700000000000007        1.0449320794148380     
   1.7999999999999976       0.95820000000000072        1.0436234606553947     
   1.8249999999999975       0.95200000000000073        1.0504201680672260     
   1.8499999999999974       0.95360000000000056        1.0486577181208048     
   1.8749999999999973       0.94560000000000055        1.0575296108291026     
   1.8999999999999972       0.93280000000000052        1.0720411663807885     
   1.9249999999999972       0.93380000000000041        1.0708931248661380     
   1.9499999999999971       0.90040000000000020        1.1106175033318522     
   1.9749999999999970      -0.91240000000000010       -1.0960105217010081     
   1.9999999999999969       0.91120000000000057        1.0974539069359079     
   2.0249999999999968      -0.93040000000000078       -1.0748065348237308     
   2.0499999999999967      -0.89600000000000013       -1.1160714285714284     
   2.0749999999999966      -0.84500000000000020       -1.1834319526627217     
   2.0999999999999965      -0.85940000000000005       -1.1636025133814287     
   2.1249999999999964      -0.84740000000000049       -1.1800802454566903     
   2.1499999999999964      -0.83939999999999992       -1.1913271384322135     
   2.1749999999999963       0.85420000000000029        1.1706860220088968     
   2.1999999999999962       0.85140000000000038        1.1745360582569879     
   2.2249999999999961       -8.7999999999999069E-003  -113.63636363636483     
   2.2499999999999960      -0.56480000000000008       -1.7705382436260622     
   2.2749999999999959       0.72340000000000049        1.3823610727121916     
   2.2999999999999958       0.14760000000000006        6.7750677506775041     
   2.3249999999999957       0.41319999999999996        2.4201355275895451     
   2.3499999999999956       0.35739999999999994        2.7979854504756578     
   2.3749999999999956      -0.70740000000000014       -1.4136273678258409     
   2.3999999999999955       0.16140000000000002        6.1957868649318462     
   2.4249999999999954      -0.22460000000000002       -4.4523597506678536     
   2.4499999999999953       0.18979999999999989        5.2687038988408883     
   2.4749999999999952      -0.68000000000000049       -1.4705882352941166     
   2.4999999999999951       0.65580000000000016        1.5248551387618172     
   2.5249999999999950       -5.9399999999999974E-002  -16.835016835016841     
   2.5499999999999949      -0.40639999999999993       -2.4606299212598430     
   2.5749999999999948       0.14440000000000006        6.9252077562326839     
   2.5999999999999948       0.15980000000000008        6.2578222778473060     
   2.6249999999999947       0.48559999999999998        2.0593080724876445     
   2.6499999999999946        2.9799999999999986E-002   33.557046979865788     
   2.6749999999999945       0.16960000000000008        5.8962264150943371     
   2.6999999999999944       0.11320000000000002        8.8339222614840978     
   2.7249999999999943        8.8000000000000037E-002   11.363636363636360     
   2.7499999999999942       0.19999999999999998        5.0000000000000000     
   2.7749999999999941        7.1600000000000025E-002   13.966480446927369     
   2.7999999999999940       -1.3000000000000003E-002  -76.923076923076906     
   2.8249999999999940      -0.15480000000000005       -6.4599483204134343     
   2.8499999999999939      -0.26440000000000013       -3.7821482602117982     
   2.8749999999999938       -6.0000000000000019E-003  -166.66666666666663     
   2.8999999999999937        3.5400000000000001E-002   28.248587570621467     
   2.9249999999999936        4.8800000000000024E-002   20.491803278688515     
   2.9499999999999935      -0.13559999999999997       -7.3746312684365796     
   2.9749999999999934       0.10739999999999997        9.3109869646182517     
   2.9999999999999933       -6.0800000000000007E-002  -16.447368421052630     
   3.0249999999999932        6.4399999999999999E-002   15.527950310559007     
   3.0499999999999932      -0.12600000000000006       -7.9365079365079332     
   3.0749999999999931      -0.12160000000000003       -8.2236842105263133     
   3.0999999999999930      -0.11160000000000000       -8.9605734767025087     
   3.1249999999999929        4.5999999999999904E-003   217.39130434782655     
   3.1499999999999928      -0.14040000000000000       -7.1225071225071224     
   3.1749999999999927        3.2000000000000015E-003   312.49999999999989     
   3.1999999999999926        1.7999999999999988E-002   55.555555555555593     
   3.2249999999999925       -5.7999999999999989E-002  -17.241379310344829     
   3.2499999999999925       -2.6999999999999993E-002  -37.037037037037045     
   3.2749999999999924        2.0200000000000013E-002   49.504950495049471     
   3.2999999999999923        1.8000000000000112E-003   555.55555555555213     
   3.3249999999999922        1.4400000000000017E-002   69.444444444444358     
   3.3499999999999921        5.9799999999999985E-002   16.722408026755858     
   3.3749999999999920        7.8000000000000161E-003   128.20512820512795     
   3.3999999999999919        3.2200000000000006E-002   31.055900621118006     
   3.4249999999999918        3.0600000000000016E-002   32.679738562091487     
   3.4499999999999917       -6.5999999999999939E-003  -151.51515151515164     
   3.4749999999999917       -1.6600000000000007E-002  -60.240963855421661     
   3.4999999999999916       -2.4999999999999988E-002  -40.000000000000021     
   3.5249999999999915        2.8799999999999996E-002   34.722222222222229     
   3.5499999999999914       -1.9800000000000002E-002  -50.505050505050498     
   3.5749999999999913        1.3600000000000003E-002   73.529411764705870     
   3.5999999999999912       -3.5599999999999993E-002  -28.089887640449444     
   3.6249999999999911        3.9199999999999992E-002   25.510204081632658     
   3.6499999999999910       -3.9999999999999568E-004  -2500.0000000000268     
   3.6749999999999909       -4.9199999999999994E-002  -20.325203252032523     
   3.6999999999999909        1.1200000000000014E-002   89.285714285714178     
   3.7249999999999908        1.2000000000000018E-003   833.33333333333201     
   3.7499999999999907       -3.3799999999999969E-002  -29.585798816568076     
   3.7749999999999906        2.0599999999999990E-002   48.543689320388374     
   3.7999999999999905        1.1199999999999993E-002   89.285714285714349     
   3.8249999999999904       -1.6999999999999991E-002  -58.823529411764738     
   3.8499999999999903       -5.9400000000000001E-002  -16.835016835016834     
   3.8749999999999902        2.3999999999999942E-003   416.66666666666771     
   3.8999999999999901        5.6000000000000008E-003   178.57142857142856     
   3.9249999999999901       -8.7800000000000031E-002  -11.389521640091113     
   3.9499999999999900       -2.5400000000000002E-002  -39.370078740157474     
   3.9749999999999899       -1.8599999999999998E-002  -53.763440860215056     
   3.9999999999999898        8.2000000000000059E-003   121.95121951219504     
   4.0249999999999897        2.3600000000000006E-002   42.372881355932194     
   4.0499999999999901        2.9400000000000003E-002   34.013605442176868     
   4.0749999999999904        2.9399999999999996E-002   34.013605442176875     
   4.0999999999999908        2.5600000000000012E-002   39.062499999999986     
   4.1249999999999911        1.4000000000000005E-002   71.428571428571402     
   4.1499999999999915       -3.5600000000000000E-002  -28.089887640449440     
   4.1749999999999918       -1.9999999999999871E-004  -5000.0000000000318     
   4.1999999999999922       -1.4800000000000002E-002  -67.567567567567551     
   4.2249999999999925        3.6400000000000002E-002   27.472527472527471     
   4.2499999999999929        7.6000000000000052E-003   131.57894736842096     
   4.2749999999999932       -4.0000000000000122E-003  -249.99999999999923     
   4.2999999999999936        1.4400000000000003E-002   69.444444444444429     
   4.3249999999999940       -2.0400000000000001E-002  -49.019607843137251     
   4.3499999999999943       -2.5200000000000004E-002  -39.682539682539677     
   4.3749999999999947       -3.6199999999999968E-002  -27.624309392265218     
   4.3999999999999950       -2.3200000000000002E-002  -43.103448275862064     
   4.4249999999999954        2.3400000000000001E-002   42.735042735042732     
   4.4499999999999957        2.0000000000000005E-003   499.99999999999989     
   4.4749999999999961        3.1399999999999997E-002   31.847133757961785     
   4.4999999999999964        2.5200000000000004E-002   39.682539682539677     
   4.5249999999999968       -2.2999999999999996E-002  -43.478260869565226     
   4.5499999999999972       -2.2599999999999995E-002  -44.247787610619476     
   4.5749999999999975        2.0200000000000003E-002   49.504950495049499     
   4.5999999999999979        1.3399999999999999E-002   74.626865671641795     
   4.6249999999999982       -8.5999999999999931E-003  -116.27906976744195     
   4.6499999999999986        7.8000000000000014E-003   128.20512820512818     
   4.6749999999999989       -5.0000000000000001E-003  -200.00000000000000     
   4.6999999999999993        5.3999999999999968E-003   185.18518518518530     
   4.7249999999999996        3.5400000000000008E-002   28.248587570621464     
   4.7500000000000000       -4.0999999999999995E-002  -24.390243902439028     
   4.7750000000000004       -2.1600000000000001E-002  -46.296296296296291     
   4.8000000000000007        1.4200000000000013E-002   70.422535211267544     
   4.8250000000000011        2.2399999999999996E-002   44.642857142857153     
   4.8500000000000014        3.2000000000000001E-002   31.250000000000000     
   4.8750000000000018        5.3999999999999968E-003   185.18518518518530     
   4.9000000000000021       -1.9199999999999998E-002  -52.083333333333336     
   4.9250000000000025        6.8000000000000005E-003   147.05882352941177     
   4.9500000000000028        4.1599999999999991E-002   24.038461538461544     
   4.9750000000000032        2.0199999999999989E-002   49.504950495049535     
