  0.50000000000000000        1.2794905326836924E-014   78156107798822.906     
  0.52500000000000002        1.1438577037717198E-026   8.7423461563674579E+025
  0.55000000000000004        1.0918641717820960E-026   9.1586483542897178E+025
  0.57500000000000007        1.0443918164872222E-026   9.5749505522119794E+025
  0.60000000000000009        1.0662421105697434E-014   93787329358587.500     
  0.62500000000000011        1.0235924261469537E-014   97695134748528.656     
  0.65000000000000013        2.4566188031654259E-013   4070635617994.4175     
  0.67500000000000016        3.7895628041054530E-014   26388268296190.844     
  0.70000000000000018        8.2187054222319306E-014   12167366374939.775     
  0.72500000000000020        7.1246282975205709E-013   1403581995074.7581     
  0.75000000000000022        1.0279953665585784E-012   972767030407.63831     
  0.77500000000000024        2.1005564092728336E-012   476064339708.05762     
  0.80000000000000027        3.1744515115220416E-012   315015049488.19769     
  0.82500000000000029        1.0495459369134237E-011   95279297916.284470     
  0.85000000000000031        9.1090936872588708E-012   109780405639.99538     
  0.87500000000000033        2.2462331120652164E-011   44518976887.513992     
  0.90000000000000036        4.4273547531753572E-011   22586850517.970959     
  0.92500000000000038        6.9298829667291588E-011   14430258127.028526     
  0.95000000000000040        8.4260850936552438E-011   11867907680.554874     
  0.97500000000000042        1.3271524201428475E-010   7534929559.1260376     
   1.0000000000000004        1.7425520892611387E-010   5738709368.6479759     
   1.0250000000000004        3.3435829316991560E-010   2990803639.1722331     
   1.0500000000000003        5.2959261231978054E-010   1888243862.8055792     
   1.0750000000000002        6.6376482761695345E-010   1506557681.8678343     
   1.1000000000000001        9.5345656474704593E-010   1048815475.1604255     
   1.1250000000000000        1.7107113202036203E-009   584552161.54235375     
   1.1499999999999999        2.7768915817111653E-009   360114887.66291118     
   1.1749999999999998        3.0025101708873993E-009   333054658.63066417     
   1.1999999999999997        4.2507279584633742E-009   235253822.35034800     
   1.2249999999999996        4.9857020704781730E-009   200573557.31729296     
   1.2499999999999996        7.5159900618759034E-009   133049670.33849585     
   1.2749999999999995        9.1123931425607160E-009   109740655.86891320     
   1.2999999999999994        1.4433817809929428E-008   69281739.119089603     
   1.3249999999999993        1.8815117150891264E-008   53148752.249604270     
   1.3499999999999992        2.5275059753883968E-008   39564693.802408598     
   1.3749999999999991        2.8722322351895488E-008   34816126.208332397     
   1.3999999999999990        4.3738999069539752E-008   22862891.727588922     
   1.4249999999999989        4.8070079038029213E-008   20802961.426563907     
   1.4499999999999988        1.0910083037519253E-007   9165833.0790063459     
   1.4749999999999988        9.2820912376673387E-008   10773434.287544319     
   1.4999999999999987        9.7713231313667220E-008   10234028.560471209     
   1.5249999999999986        1.3448154325691995E-007   7435964.6370918890     
   1.5499999999999985        1.6386579750112610E-007   6102554.7444891781     
   1.5749999999999984        1.9118844693313610E-007   5230441.5671608429     
   1.5999999999999983        3.9335961450490496E-007   2542203.0201515020     
   1.6249999999999982        3.5014981463725402E-007   2855920.4037733781     
   1.6499999999999981        5.2830490884303527E-007   1892846.3151893788     
   1.6749999999999980        5.2278492213771055E-007   1912832.5199413130     
   1.6999999999999980        6.4704930776925366E-007   1545477.2735134633     
   1.7249999999999979        1.4253938763537897E-006   701560.47152246581     
   1.7499999999999978        1.1329389154897058E-006   882660.12079544133     
   1.7749999999999977        1.5631963026652489E-006   639714.92146891623     
   1.7999999999999976        2.1505240562227743E-006   465002.93596176786     
   1.8249999999999975        4.5054544141615194E-006   221953.19452280010     
   1.8499999999999974        3.6275641818925125E-006   275667.07296086947     
   1.8749999999999973        4.0622065830772313E-006   246171.62607286038     
   1.8999999999999972        7.1306561628500122E-006   140239.54838965557     
   1.9249999999999972        7.9601383941575875E-006   125625.95654542372     
   1.9499999999999971        1.1759572105531589E-005   85037.107730272735     
   1.9749999999999970        4.4684700878064497E-002   22.379024148081410     
   1.9999999999999969        2.5356583206318067E-005   39437.490132772749     
   2.0249999999999968        3.9828462519827176E-002   25.107672672581469     
   2.0499999999999967       0.21121990847641534        4.7344022029611823     
   2.0749999999999966       0.28892081037600459        3.4611560126063243     
   2.0999999999999965       0.27008860828562165        3.7024886252976992     
   2.1249999999999964       0.11513417750469811        8.6855182507313646     
   2.1499999999999964       0.23403167614158069        4.2729258555369070     
   2.1749999999999963       0.15556276619707216        6.4282734515865210     
   2.1999999999999962       0.21688542361658125        4.6107294041476949     
   2.2249999999999961       0.19123190938328077        5.2292528125927351     
   2.2499999999999960       0.18071724893375898        5.5335061035958173     
   2.2749999999999959       0.16046326156963864        6.2319560890018124     
   2.2999999999999958       0.13654528177278011        7.3235778418478246     
   2.3249999999999957       0.11788360835749961        8.4829435909982571     
   2.3499999999999956       0.11523432782401663        8.6779696543826628     
   2.3749999999999956        8.4518978664396754E-002   11.831662140295663     
   2.3999999999999955        8.1001323962588329E-002   12.345477222839776     
   2.4249999999999954        7.5111074386998211E-002   13.313615976888499     
   2.4499999999999953        6.6683864177541033E-002   14.996131557966876     
   2.4749999999999952        5.6393781934165998E-002   17.732451445930657     
   2.4999999999999951        5.1969771019110454E-002   19.241955090244240     
   2.5249999999999950        4.4029674405371165E-002   22.711955368854838     
   2.5499999999999949        3.8846103365860037E-002   25.742607709756847     
   2.5749999999999948        3.2126926676987272E-002   31.126537874421288     
   2.5999999999999948        2.6230849676677478E-002   38.123050237641586     
   2.6249999999999947        2.4535001136129896E-002   40.758098785143893     
   2.6499999999999946        1.9521302923842437E-002   51.226088950171722     
   2.6749999999999945        1.8418820267842591E-002   54.292293722302048     
   2.6999999999999944        1.5531864430870294E-002   64.383770824863376     
   2.7249999999999943        1.4142934005333401E-002   70.706686435989369     
   2.7499999999999942        1.3723740392767267E-002   72.866432283069386     
   2.7749999999999941        1.0695137461103751E-002   93.500434532685176     
   2.7999999999999940        9.5729374882511618E-003   104.46114384715214     
   2.8249999999999940        8.6617413942782703E-003   115.45022582417145     
   2.8499999999999939        7.9084930204089202E-003   126.44634033555657     
   2.8749999999999938        6.6659280125705642E-003   150.01662155879967     
   2.8999999999999937        5.8608901048115246E-003   170.62254744873059     
   2.9249999999999936        5.3175617765930322E-003   188.05611331152247     
   2.9499999999999935        5.3933765855537332E-003   185.41260454137765     
   2.9749999999999934        4.7709586956759479E-003   209.60147923861251     
   2.9999999999999933        3.9733479219827934E-003   251.67692828192520     
   3.0249999999999932        3.8576266732684482E-003   259.22674346108533     
   3.0499999999999932        3.0866254852667191E-003   323.97840449813714     
   3.0749999999999931        3.1400222446549453E-003   318.46908145387653     
   3.0999999999999930        3.0381998010352356E-003   329.14227683750761     
   3.1249999999999929        2.9740020040151696E-003   336.24725156536891     
   3.1499999999999928        2.8313668313201374E-003   353.18630879551046     
   3.1749999999999927        2.2357932036855348E-003   447.26855701662220     
   3.1999999999999926        2.3127925460309428E-003   432.37773388544161     
   3.2249999999999925        2.1019038237904118E-003   475.75916113834211     
   3.2499999999999925        1.9231143389288152E-003   519.98988295048810     
   3.2749999999999924        1.6945565833474119E-003   590.12487976330010     
   3.2999999999999923        1.6774166725534165E-003   596.15479943797652     
   3.3249999999999922        1.4808324445448517E-003   675.29584706483092     
   3.3499999999999921        1.5131570694036282E-003   660.86992568069888     
   3.3749999999999920        1.3886086965943540E-003   720.14528099424979     
   3.3999999999999919        1.2129139549816260E-003   824.46079203957106     
   3.4249999999999918        1.2778745444661612E-003   782.54943283008686     
   3.4499999999999917        1.2755990091225914E-003   783.94541924882833     
   3.4749999999999917        1.1642412830823125E-003   858.92848375253800     
   3.4999999999999916        1.1074410348840928E-003   902.98261352096472     
   3.5249999999999915        1.0573228690991263E-003   945.78489619924017     
   3.5499999999999914        1.0088405630593593E-003   991.23690761149624     
   3.5749999999999913        9.6486957067882964E-004   1036.4095110766675     
   3.5999999999999912        8.9725927242591741E-004   1114.5050608352062     
   3.6249999999999911        7.9596843624039123E-004   1256.3312242924028     
   3.6499999999999910        8.6685175781556711E-004   1153.5997833354591     
   3.6749999999999909        7.5251134448562772E-004   1328.8836205964988     
   3.6999999999999909        7.4740509391098069E-004   1337.9625161065660     
   3.7249999999999908        7.2011227468240081E-004   1388.6723434078961     
   3.7499999999999907        6.5008047783712917E-004   1538.2710819544707     
   3.7749999999999906        6.3679971736190551E-004   1570.3524557811334     
   3.7999999999999905        5.9748857657849900E-004   1673.6721657951537     
   3.8249999999999904        6.2396684344026728E-004   1602.6492601537259     
   3.8499999999999903        5.4227245889843488E-004   1844.0914407332928     
   3.8749999999999902        5.4864251615876298E-004   1822.6804714321954     
   3.8999999999999901        5.0863345234827937E-004   1966.0523612498546     
   3.9249999999999901        4.8950415452912483E-004   2042.8835807572320     
   3.9499999999999900        4.4939424106131695E-004   2225.2176566356052     
   3.9749999999999899        4.3328190088383600E-004   2307.9662408241293     
   3.9999999999999898        4.5198434943688042E-004   2212.4659874747499     
   4.0249999999999897        4.6678154436941970E-004   2142.3297730224335     
   4.0499999999999901        4.2844975379755456E-004   2333.9959730085570     
   4.0749999999999904        4.6249546878145273E-004   2162.1833455681685     
   4.0999999999999908        3.9567606901366720E-004   2527.3198919833048     
   4.1249999999999911        3.7134774152028670E-004   2692.8937171020066     
   4.1499999999999915        3.6824482571832048E-004   2715.5846604207945     
   4.1749999999999918        3.7210232713873941E-004   2687.4328029320473     
   4.1999999999999922        3.5149575576875808E-004   2844.9845654975124     
   4.2249999999999925        3.3843957784495581E-004   2954.7371686479141     
   4.2499999999999929        3.2164753391023551E-004   3108.9932132950139     
   4.2749999999999932        3.2106979800088320E-004   3114.5875639079864     
   4.2999999999999936        3.1496553682838904E-004   3174.9505360799403     
   4.3249999999999940        3.3742755885432117E-004   2963.5990711468048     
   4.3499999999999943        2.9759839800149102E-004   3360.2331420983987     
   4.3749999999999947        2.8722982587091062E-004   3481.5325914288192     
   4.3999999999999950        2.8033090611951988E-004   3567.2128123241864     
   4.4249999999999954        2.7523443898729201E-004   3633.2662572294289     
   4.4499999999999957        2.6516512413015970E-004   3771.2350116945890     
   4.4749999999999961        2.6913523711714308E-004   3715.6041353468058     
   4.4999999999999964        2.5002100089832971E-004   3999.6640138507687     
   4.5249999999999968        2.4755164118915525E-004   4039.5611808361868     
   4.5499999999999972        2.3254976352450173E-004   4300.1548780101803     
   4.5749999999999975        2.4004510121044243E-004   4165.8838066573217     
   4.5999999999999979        2.2983751409331156E-004   4350.8998256655823     
   4.6249999999999982        2.2496197256718938E-004   4445.1957305865553     
   4.6499999999999986        2.1196334386513118E-004   4717.7968688599467     
   4.6749999999999989        2.1206369905046163E-004   4715.5642595956269     
   4.6999999999999993        2.2377418731851494E-004   4468.7906678736963     
   4.7249999999999996        1.8880331865935083E-004   5296.5170691954527     
   4.7500000000000000        1.8637336412204871E-004   5365.5735877855304     
   4.7750000000000004        2.1200779996643167E-004   4716.8075899015757     
   4.8000000000000007        1.7232409976351428E-004   5803.0188544279708     
   4.8250000000000011        1.8601986177876382E-004   5375.7700411008518     
   4.8500000000000014        1.8655837289583820E-004   5360.2525819537113     
   4.8750000000000018        1.9193937281256066E-004   5209.9784705275397     
   4.9000000000000021        1.8070024225707104E-004   5534.0268917700841     
   4.9250000000000025        1.8211345524775708E-004   5491.0824608733355     
   4.9500000000000028        1.6847626617693550E-004   5935.5541447588212     
   4.9750000000000032        1.6669409714592883E-004   5999.0126652449553     
