  0.50000000000000000        2.9467709479579548E-019   3.3935450622416963E+018
  0.52500000000000002        4.9867391218552154E-019   2.0053184567392614E+018
  0.55000000000000004        4.7600691617708876E-019   2.1008098118220833E+018
  0.57500000000000007        3.4329883979834500E-018   2.9129140098096563E+017
  0.60000000000000009        1.5602811783655083E-017   64091012175610696.     
  0.62500000000000011        2.4881608090891309E-017   40190328388223480.     
  0.65000000000000013        6.9422627916130411E-017   14404525296969478.     
  0.67500000000000016        1.6634393879481394E-016   6011640744142201.0     
  0.70000000000000018        4.4768766796292814E-016   2233700125246263.0     
  0.72500000000000020        8.2121054252325935E-016   1217714518042340.8     
  0.75000000000000022        1.6463922026943472E-015   607388688043762.62     
  0.77500000000000024        4.3270232397925020E-015   231105761301146.59     
  0.80000000000000027        7.7400145920980301E-015   129198722831985.92     
  0.82500000000000029        1.2501024687883116E-014   79993442535096.438     
  0.85000000000000031        2.5153107389150078E-014   39756519324978.320     
  0.87500000000000033        4.0062669375466534E-014   24960892910754.898     
  0.90000000000000036        6.9105431879504687E-014   14470642506708.367     
  0.92500000000000038        1.1738469610285915E-013   8518998073852.3457     
  0.95000000000000040        1.7463850504807691E-013   5726114064734.4990     
  0.97500000000000042        2.7145029772867593E-013   3683915650000.6309     
   1.0000000000000004        3.8871176818233239E-013   2572600270570.9995     
   1.0250000000000004        5.6269902579050886E-013   1777148980478.7700     
   1.0500000000000003        8.8152883841800217E-013   1134392837101.7415     
   1.0750000000000002        1.2140409854964635E-012   823695420456.55518     
   1.1000000000000001        1.7183735317857698E-012   581945648895.54541     
   1.1250000000000000        2.6608529943936304E-012   375819333915.47076     
   1.1499999999999999        3.5586985115289717E-012   281001606840.34918     
   1.1749999999999998        4.4671528792607351E-012   223856229466.11334     
   1.1999999999999997        6.6237636885273387E-012   150971569491.83524     
   1.2249999999999996        9.0257305273172916E-012   110794355866.64130     
   1.2499999999999996        1.2238115196225889E-011   81711928999.360123     
   1.2749999999999995        1.6782030446788300E-011   59587545331.344414     
   1.2999999999999994        2.3112509816907610E-011   43266612233.884918     
   1.3249999999999993        2.6536836955422748E-011   37683466257.859795     
   1.3499999999999992        3.6034182774282058E-011   27751427200.777523     
   1.3749999999999991        4.5083707525386191E-011   22180961923.704033     
   1.3999999999999990        6.3844112763904777E-011   15663151333.905996     
   1.4249999999999989        8.5007003390310323E-011   11763736634.833393     
   1.4499999999999988        1.0112099084657882E-010   9889143605.3786697     
   1.4749999999999988        1.4148682104432803E-010   7067796086.0163689     
   1.4999999999999987        1.9606031401103095E-010   5100471276.1183119     
   1.5249999999999986        2.3734144027963051E-010   4213339224.7970762     
   1.5499999999999985        3.0200340137636241E-010   3311220984.4079900     
   1.5749999999999984        3.3509345297299816E-010   2984242130.4500389     
   1.5999999999999983        5.1496173380367921E-010   1941891861.7771194     
   1.6249999999999982        5.8643562357597719E-010   1705217008.9910004     
   1.6499999999999981        8.0599284389007425E-010   1240705804.7482932     
   1.6749999999999980        9.9603295394458718E-010   1003982846.1896789     
   1.6999999999999980        1.1666052731065512E-009   857187964.98930752     
   1.7249999999999979        1.5737227577499998E-009   635435940.08243930     
   1.7499999999999978        2.1849819309033165E-009   457669688.63974971     
   1.7749999999999977        2.6737820655078068E-009   374002059.81637442     
   1.7999999999999976        4.0910846483592729E-009   244433954.79510537     
   1.8249999999999975        5.1016023755457103E-009   196016844.58856550     
   1.8499999999999974        6.5777731752130812E-009   152027133.40257522     
   1.8749999999999973        9.1951671518439693E-009   108752781.05188802     
   1.8999999999999972        1.1795563875313662E-008   84777634.250521019     
   1.9249999999999972        1.7132545222699801E-008   58368443.625938773     
   1.9499999999999971        2.3169767281951632E-008   43159691.154039428     
   1.9749999999999970        2.8561850363937751E-008   35011737.238936104     
   1.9999999999999969        3.7274077336635565E-008   26828296.538869124     
   2.0249999999999968        6.6262200894609728E-008   15091560.293786554     
   2.0499999999999967        1.2026757332449008E-007   8314793.1928578299     
   2.0749999999999966        1.5947660758438851E-007   6270512.1155203953     
   2.0999999999999965        3.1160910516545529E-007   3209148.8452143571     
   2.1249999999999964        5.8863807908759626E-007   1698836.7479555944     
   2.1499999999999964        1.1313248997336134E-006   883919.37650754815     
   2.1749999999999963        6.4818381157549721E-006   154277.22540144387     
   2.1999999999999962        2.1403614105969256E-006   467210.81544873765     
   2.2249999999999961        3.1801798954421376E-005   31444.762022211667     
   2.2499999999999960        3.7088312063825418E-005   26962.672183061233     
   2.2749999999999959        2.8927865054424507E-002   34.568745329757760     
   2.2999999999999958        3.1265949493536949E-002   31.983676050097635     
   2.3249999999999957        1.4342925891001482E-002   69.720781352386666     
   2.3499999999999956        5.4480652692696033E-003   183.55139862963964     
   2.3749999999999956        3.1318633982547663E-003   319.29872821313052     
   2.3999999999999955        1.4665396408731716E-003   681.87723817994049     
   2.4249999999999954        1.0953532749558574E-003   912.94746897095808     
   2.4499999999999953        4.7522046321208083E-004   2104.2864889294997     
   2.4749999999999952        5.1829008161748135E-004   1929.4214484660729     
   2.4999999999999951        3.3195938990534499E-004   3012.4166702593961     
   2.5249999999999950        2.1387916801675596E-004   4675.5371702290186     
   2.5499999999999949        1.6277215525585154E-004   6143.5569150519723     
   2.5749999999999948        1.0849604230852169E-004   9216.9260622095171     
   2.5999999999999948        7.8108352253744814E-005   12802.728148090669     
   2.6249999999999947        7.0677007007163188E-005   14148.873054268539     
   2.6499999999999946        6.1921367502590160E-005   16149.514139172881     
   2.6749999999999945        4.0232930608035501E-005   24855.261222265413     
   2.6999999999999944        3.1988359199069827E-005   31261.372106546762     
   2.7249999999999943        3.2881600523463150E-005   30412.144910234379     
   2.7499999999999942        2.7011576626255438E-005   37021.163697197633     
   2.7749999999999941        2.3263588659144921E-005   42985.629373518852     
   2.7999999999999940        2.0032251975704456E-005   49919.499875142414     
   2.8249999999999940        1.7461601424226997E-005   57268.515968561500     
   2.8499999999999939        1.4551684209777787E-005   68720.567707761613     
   2.8749999999999938        1.4281987095929750E-005   70018.267996124428     
   2.8999999999999937        1.2579105736398118E-005   79496.907089862696     
   2.9249999999999936        1.0668661575034916E-005   93732.469904194819     
   2.9499999999999935        9.6990711152086009E-006   103102.65675152674     
   2.9749999999999934        8.2280274758316056E-006   121535.81194731368     
   2.9999999999999933        7.5112694318010926E-006   133133.28846469228     
   3.0249999999999932        7.6010086765784340E-006   131561.48644868357     
   3.0499999999999932        5.8870539543915753E-006   169864.24920635021     
   3.0749999999999931        5.4485805994525539E-006   183534.03822281255     
   3.0999999999999930        5.1226660600855023E-006   195210.85080906269     
   3.1249999999999929        5.4794860402533696E-006   182498.86807883179     
   3.1499999999999928        4.0058361799747679E-006   249635.77017927350     
   3.1749999999999927        4.1889027696896576E-006   238725.99938004452     
   3.1999999999999926        4.0466088175988282E-006   247120.50140625620     
   3.2249999999999925        3.4723897395677151E-006   287986.10611160600     
   3.2499999999999925        3.2828804041957171E-006   304610.54832272913     
   3.2749999999999924        3.1007295227543726E-006   322504.75014399248     
   3.2999999999999923        2.7342472711801610E-006   365731.36985097110     
   3.3249999999999922        2.8162124044267283E-006   355086.85297604930     
   3.3499999999999921        2.6371569286742390E-006   379196.24316885974     
   3.3749999999999920        2.2830279960614085E-006   438014.77762215852     
   3.3999999999999919        2.4104501197418366E-006   414860.27518673637     
   3.4249999999999918        2.3227310809313855E-006   430527.66986654897     
   3.4499999999999917        2.1425749634561357E-006   466728.12716289947     
   3.4749999999999917        1.8089284166735342E-006   552813.47276246292     
   3.4999999999999916        1.6339078932125350E-006   612029.60347650526     
   3.5249999999999915        1.6021964870156654E-006   624143.17351466173     
   3.5499999999999914        1.6995970410655080E-006   588374.75933300168     
   3.5749999999999913        1.5581291917453914E-006   641795.30509906949     
   3.5999999999999912        1.4012017604956943E-006   713673.09704652114     
   3.6249999999999911        1.3827786347096030E-006   723181.55263514735     
   3.6499999999999910        1.2537288954173239E-006   797620.60494516545     
   3.6749999999999909        1.1946421508180959E-006   837070.74902320816     
   3.6999999999999909        1.2332936963535712E-006   810836.86956047767     
   3.7249999999999908        1.1372852789752727E-006   879286.85835187207     
   3.7499999999999907        1.1235885715144369E-006   890005.49253731093     
   3.7749999999999906        1.0258133799618221E-006   974836.18320246239     
   3.7999999999999905        9.6835136743768204E-007   1032683.0049778958     
   3.8249999999999904        9.7967222611081241E-007   1020749.5663829183     
   3.8499999999999903        9.2538220121142946E-007   1080634.5731427376     
   3.8749999999999902        8.3794799491643098E-007   1193391.4826059469     
   3.8999999999999901        8.7246171782952928E-007   1146182.0955167576     
   3.9249999999999901        7.9258634390162555E-007   1261692.1899983156     
   3.9499999999999900        7.6100615010138303E-007   1314049.8271489365     
   3.9749999999999899        8.1412146628467688E-007   1228317.9370808117     
   3.9999999999999898        7.2896426676123783E-007   1371809.3541717269     
   4.0249999999999897        7.3899644381218967E-007   1353186.4846891502     
   4.0499999999999901        6.7383628131869775E-007   1484040.0075267537     
   4.0749999999999904        7.0212748420445658E-007   1424242.7799747034     
   4.0999999999999908        6.6563669774289740E-007   1502321.0159399153     
   4.1249999999999911        6.3611196766247276E-007   1572050.2849124351     
   4.1499999999999915        5.8172651647663510E-007   1719020.8313981243     
   4.1749999999999918        5.6989935977953876E-007   1754695.7771400944     
   4.1999999999999922        6.2445776134543634E-007   1601389.3363186528     
   4.2249999999999925        5.5228099636629652E-007   1810672.4775602398     
   4.2499999999999929        5.7837969769532170E-007   1728968.0187335673     
   4.2749999999999932        5.4871146967830168E-007   1822451.4253115205     
   4.2999999999999936        5.2001636348372808E-007   1923016.4091390003     
   4.3249999999999940        4.8071567115966116E-007   2080231.7461122831     
   4.3499999999999943        5.1020460998350678E-007   1959997.9702894622     
   4.3749999999999947        4.5981241848752148E-007   2174799.8962040609     
   4.3999999999999950        5.1263966049016955E-007   1950687.9335941980     
   4.4249999999999954        4.7407547163756043E-007   2109368.7816114617     
   4.4499999999999957        4.2339071057194393E-007   2361884.6021660101     
   4.4749999999999961        4.3580071918613992E-007   2294626.7777334219     
   4.4999999999999964        4.0994478640288272E-007   2439352.8913360219     
   4.5249999999999968        3.9719346219004522E-007   2517664.8036606652     
   4.5499999999999972        3.9062457970191929E-007   2560002.7544684652     
   4.5749999999999975        4.4857957072197233E-007   2229258.8991302853     
   4.5999999999999979        4.2153797160116136E-007   2372265.5309120081     
   4.6249999999999982        3.9667799025410950E-007   2520936.4385440345     
   4.6499999999999986        4.2127423347419008E-007   2373750.6843301072     
   4.6749999999999989        4.1393902153682561E-007   2415814.7649074350     
   4.6999999999999993        3.8630750764434689E-007   2588611.3529034690     
   4.7249999999999996        3.6545225470071050E-007   2736335.5599460085     
   4.7500000000000000        3.6055915926864006E-007   2773469.9682249227     
   4.7750000000000004        3.6392359571647691E-007   2747829.5218292829     
   4.8000000000000007        3.5153892650480575E-007   2844635.1871826900     
   4.8250000000000011        2.9873705939258914E-007   3347425.3312704572     
   4.8500000000000014        3.4387740952136906E-007   2908013.0660279924     
   4.8750000000000018        3.7845226652045248E-007   2642341.1575630177     
   4.9000000000000021        2.9008511966052138E-007   3447264.0346746240     
   4.9250000000000025        3.1080077086773707E-007   3217495.2372481576     
   4.9500000000000028        3.4209039051745624E-007   2923204.0060738623     
   4.9750000000000032        3.0611918584411693E-007   3266701.4883190743     
