  0.50000000000000000        1.2010505889603057E-026   8.3260439584451980E+025
  0.52500000000000002        3.1932250200660826E-017   31316302287375456.     
  0.55000000000000004        7.6235341244918449E-018   1.3117275841756085E+017
  0.57500000000000007        2.9155532791907709E-017   34298807267125500.     
  0.60000000000000009        2.5105779091718785E-016   3983146654587799.5     
  0.62500000000000011        3.2791689190901379E-016   3049553178484831.5     
  0.65000000000000013        6.4270387773704645E-016   1555926507742553.8     
  0.67500000000000016        1.7836008743664712E-015   560663551118294.06     
  0.70000000000000018        6.0573967059876262E-015   165087420972695.78     
  0.72500000000000020        2.0393769669466759E-014   49034583414815.398     
  0.75000000000000022        2.6724965254081279E-014   37418196450125.820     
  0.77500000000000024        6.4986192388452818E-014   15387884152721.752     
  0.80000000000000027        1.3120658388969620E-013   7621568753292.8066     
  0.82500000000000029        2.4922518976733143E-013   4012435504346.7622     
  0.85000000000000031        4.3631578534171235E-013   2291917995166.7881     
  0.87500000000000033        6.2536763281388323E-013   1599059413261.3381     
  0.90000000000000036        1.0407703344417325E-012   960826771197.69971     
  0.92500000000000038        1.8444717087667670E-012   542160660555.00000     
  0.95000000000000040        2.3249736331974463E-012   430112404597.35394     
  0.97500000000000042        4.3403967859862834E-012   230393682722.43491     
   1.0000000000000004        6.7063793579502671E-012   149111755632.27298     
   1.0250000000000004        8.1377506637365596E-012   122884079559.74855     
   1.0500000000000003        1.2389349950924230E-011   80714484937.557297     
   1.0750000000000002        2.1336808987607607E-011   46867364308.355515     
   1.1000000000000001        2.9553280184261471E-011   33837191464.538261     
   1.1250000000000000        3.9933536933969052E-011   25041608552.067932     
   1.1499999999999999        5.8700193961493266E-011   17035718836.908611     
   1.1749999999999998        7.0972759278890960E-011   14089912949.142229     
   1.1999999999999997        1.0682565607081437E-010   9361047119.0282536     
   1.2249999999999996        1.6651120564537282E-010   6005601821.9563532     
   1.2499999999999996        1.8488181209384979E-010   5408860875.3595486     
   1.2749999999999995        2.6793010053329767E-010   3732316742.3502030     
   1.2999999999999994        3.4437460982128373E-010   2903814542.3060050     
   1.3249999999999993        4.4787050280273744E-010   2232788258.5302687     
   1.3499999999999992        6.3571728648218405E-010   1573026282.6949649     
   1.3749999999999991        8.1410507691091406E-010   1228342665.2913847     
   1.3999999999999990        1.0301072902989034E-009   970772665.54421997     
   1.4249999999999989        1.3281271194299506E-009   752939974.92439806     
   1.4499999999999988        1.5197252559962141E-009   658013674.54703355     
   1.4749999999999988        2.0809462503405850E-009   480550614.81589526     
   1.4999999999999987        2.8765793822017295E-009   347635113.49184513     
   1.5249999999999986        3.8750119100757163E-009   258063722.95265034     
   1.5499999999999985        4.7118615534160814E-009   212230344.34766105     
   1.5749999999999984        5.7840374658550028E-009   172889613.16438827     
   1.5999999999999983        8.2179339021688163E-009   121685086.77541047     
   1.6249999999999982        9.7095608709852946E-009   102991269.45980239     
   1.6499999999999981        1.2107732962219880E-008   82591844.659964815     
   1.6749999999999980        1.7879209185575632E-008   55930885.399940826     
   1.6999999999999980        2.2367907543140596E-008   44706908.684744753     
   1.7249999999999979        2.6992731593846987E-008   37047010.100598738     
   1.7499999999999978        3.1404349425559792E-008   31842723.007855296     
   1.7749999999999977        4.3548421259325595E-008   22962944.949143406     
   1.7999999999999976        5.6400882776273137E-008   17730218.939422034     
   1.8249999999999975        6.9052496229300343E-008   14481735.702636050     
   1.8499999999999974        1.1158179861944746E-007   8962035.1381010208     
   1.8749999999999973        1.3661338793434794E-007   7319926.8030785406     
   1.8999999999999972        1.7958956811257137E-007   5568252.1569024222     
   1.9249999999999972        2.4474999206242981E-007   4085801.9711188558     
   1.9499999999999971        4.2441630009560245E-007   2356177.1773957401     
   1.9749999999999970        5.4498585421877094E-007   1834910.0114414622     
   1.9999999999999969        5.8181401182457311E-007   1718762.3186729252     
   2.0249999999999968        1.1846022239442636E-006   844165.22254228918     
   2.0499999999999967        2.1559655872011881E-006   463829.29576263367     
   2.0749999999999966        3.9331522170170089E-006   254248.99541732520     
   2.0999999999999965        3.7501613848153465E-006   266655.19090700115     
   2.1249999999999964       0.13474153671933498        7.4216164098156918     
   2.1499999999999964        7.5309352385567415E-006   132785.63263699555     
   2.1749999999999963        1.9996456783730343E-005   50008.859610249900     
   2.1999999999999962       0.16305790672875775        6.1327906144623325     
   2.2249999999999961       0.14334210685025878        6.9763171616044559     
   2.2499999999999960       0.10292656337408783        9.7156649092177307     
   2.2749999999999959        5.4413523576000954E-002   18.377784313182197     
   2.2999999999999958        6.7362561485686562E-002   14.845041191203567     
   2.3249999999999957        3.7696292277388833E-002   26.527807897962013     
   2.3499999999999956        2.5965037158997742E-002   38.513328283586418     
   2.3749999999999956        2.2016642915801989E-002   45.420185258228933     
   2.3999999999999955        1.8265717964796910E-002   54.747368919594429     
   2.4249999999999954        1.0036775751297867E-002   99.633589987371082     
   2.4499999999999953        6.7286456723068683E-003   148.61831766765587     
   2.4749999999999952        5.2153322884383726E-003   191.74233676670104     
   2.4999999999999951        3.6202588056478201E-003   276.22334581161442     
   2.5249999999999950        2.8858662316030509E-003   346.51640781163877     
   2.5499999999999949        2.0667508648642831E-003   483.85125512729218     
   2.5749999999999948        1.6139200672856771E-003   619.60937240331850     
   2.5999999999999948        1.1246466291631638E-003   889.16818320443292     
   2.6249999999999947        1.0103228745705780E-003   989.78259838473366     
   2.6499999999999946        7.6243836999450644E-004   1311.5814200263887     
   2.6749999999999945        7.3267670066218954E-004   1364.8584690849389     
   2.6999999999999944        4.2151941013201616E-004   2372.3699928475626     
   2.7249999999999943        4.5990424572466259E-004   2174.3656626268335     
   2.7499999999999942        4.5925790522209766E-004   2177.4257745577593     
   2.7749999999999941        3.4158446638145161E-004   2927.5335924769120     
   2.7999999999999940        2.8503949993138942E-004   3508.2856945816475     
   2.8249999999999940        2.9993195135216303E-004   3334.0896009637095     
   2.8499999999999939        2.4783997046502759E-004   4034.8616816071999     
   2.8749999999999938        2.0696930069651173E-004   4831.6344338735744     
   2.8999999999999937        2.0242160637061883E-004   4940.1840936341287     
   2.9249999999999936        1.7399776583269198E-004   5747.2002310739590     
   2.9499999999999935        1.4074245928238032E-004   7105.1763987840941     
   2.9749999999999934        1.1004620583559749E-004   9087.0920301781298     
   2.9999999999999933        1.2591125176019790E-004   7942.1019648389547     
   3.0249999999999932        1.0253158955775985E-004   9753.0917477550938     
   3.0499999999999932        9.4696569260572209E-005   10560.044654293080     
   3.0749999999999931        8.6263714048411189E-005   11592.359673254969     
   3.0999999999999930        8.3261469342128423E-005   12010.357346576666     
   3.1249999999999929        7.4301619414426183E-005   13458.656862138901     
   3.1499999999999928        6.9260653571399174E-005   14438.212006895425     
   3.1749999999999927        6.5752869640779368E-005   15208.461706130747     
   3.1999999999999926        5.8162445564746933E-005   17193.224773995986     
   3.2249999999999925        5.7437073894360946E-005   17410.357669668439     
   3.2499999999999925        4.8673707631879904E-005   20544.972812899672     
   3.2749999999999924        4.9370598568158041E-005   20254.970144213683     
   3.2999999999999923        4.4182854527765204E-005   22633.213962479138     
   3.3249999999999922        4.4193324958123712E-005   22627.851625727879     
   3.3499999999999921        3.8871483957259427E-005   25725.799434349752     
   3.3749999999999920        3.7156915610246897E-005   26912.890469418468     
   3.3999999999999919        3.7697088887701278E-005   26527.247315541419     
   3.4249999999999918        3.5757361067295667E-005   27966.269605802041     
   3.4499999999999917        2.8671363919517829E-005   34878.005901883764     
   3.4749999999999917        2.9340429370226111E-005   34082.664141744754     
   3.4999999999999916        2.8971688199228356E-005   34516.455966367692     
   3.5249999999999915        2.4501340624666414E-005   40814.093208975784     
   3.5499999999999914        2.5122439812755958E-005   39805.051079961129     
   3.5749999999999913        2.5978971481151272E-005   38492.670917535666     
   3.5999999999999912        2.2011812441539472E-005   45430.152680787680     
   3.6249999999999911        2.0075393557826702E-005   49812.223960617426     
   3.6499999999999910        1.8914808011261651E-005   52868.630725969408     
   3.6749999999999909        2.0301116512178422E-005   49258.374503693463     
   3.6999999999999909        1.8467852410677028E-005   54148.147698097193     
   3.7249999999999908        1.7970497151483703E-005   55646.763223656097     
   3.7499999999999907        1.8221184033744313E-005   54881.175567299710     
   3.7749999999999906        1.7657976328992218E-005   56631.631018675871     
   3.7999999999999905        1.6474851130721236E-005   60698.575790786039     
   3.8249999999999904        1.4664218038709248E-005   68193.203167075961     
   3.8499999999999903        1.4062099204815109E-005   71113.137906009259     
   3.8749999999999902        1.4817754149566010E-005   67486.610312622070     
   3.8999999999999901        1.3165594369673300E-005   75955.552929952129     
   3.9249999999999901        1.3479994365619253E-005   74184.007268615896     
   3.9499999999999900        1.2779242325836429E-005   78251.900582419534     
   3.9749999999999899        1.1885302358386865E-005   84137.531368257522     
   3.9999999999999898        1.1761004245069060E-005   85026.752746838072     
   4.0249999999999897        1.1827855981473657E-005   84546.176548508156     
   4.0499999999999901        1.1583721051031202E-005   86328.045676736860     
   4.0749999999999904        1.0897655935343194E-005   91762.853033082807     
   4.0999999999999908        9.6478286758901682E-006   103650.26511084204     
   4.1249999999999911        9.8040658593249038E-006   101998.49882167752     
   4.1499999999999915        9.7641801768738565E-006   102415.15231032581     
   4.1749999999999918        9.9563594168317993E-006   100438.31867996271     
   4.1999999999999922        8.6987092796027467E-006   114959.58398619664     
   4.2249999999999925        9.5306985275915470E-006   104924.10363259121     
   4.2499999999999929        8.5030458260459250E-006   117604.91716237388     
   4.2749999999999932        7.7299869412025998E-006   129366.32462724757     
   4.2999999999999936        8.2338367739700748E-006   121450.06361570538     
   4.3249999999999940        7.9713237439888166E-006   125449.67838674235     
   4.3499999999999943        7.5357358795422645E-006   132701.04154191003     
   4.3749999999999947        7.6085881666608093E-006   131430.42810252027     
   4.3999999999999950        7.3057212180528149E-006   136879.02537657038     
   4.4249999999999954        7.2501608137694063E-006   137927.97507343750     
   4.4499999999999957        6.2169741189126351E-006   160849.95383170465     
   4.4749999999999961        6.5708329422167398E-006   152187.70721975461     
   4.4999999999999964        6.3358681859127846E-006   157831.56635477475     
   4.5249999999999968        6.4387534448772061E-006   155309.56551778186     
   4.5499999999999972        6.3286622509333407E-006   158011.27637243111     
   4.5749999999999975        6.3412890544963563E-006   157696.64360134155     
   4.5999999999999979        5.9294847348225686E-006   168648.71818072462     
   4.6249999999999982        5.5782922245116445E-006   179266.33452544620     
   4.6499999999999986        5.4449939833384746E-006   183654.93204583353     
   4.6749999999999989        5.2184362932756060E-006   191628.28552464730     
   4.6999999999999993        5.4791150083590666E-006   182511.22644339030     
   4.7249999999999996        5.6727572438087972E-006   176281.11992477594     
   4.7500000000000000        5.3436275516173173E-006   187138.79108160097     
   4.7750000000000004        4.9592519734347094E-006   201643.31341837705     
   4.8000000000000007        5.0787961266625103E-006   196897.05494383408     
   4.8250000000000011        4.8054945427316254E-006   208095.12758942018     
   4.8500000000000014        4.9479203173643677E-006   202105.11403964460     
   4.8750000000000018        4.7091814951605153E-006   212351.12747887717     
   4.9000000000000021        4.6856673280584173E-006   213416.77289206238     
   4.9250000000000025        4.6639745364326599E-006   214409.40386541458     
   4.9500000000000028        4.4631173956404901E-006   224058.63690181795     
   4.9750000000000032        4.5079470172048213E-006   221830.46876625798     
