  0.10000000000000001        0.0000000000000000     
  0.11000000000000000        0.0000000000000000     
  0.12000000000000000        0.0000000000000000     
  0.13000000000000000        0.0000000000000000     
  0.14000000000000001        0.0000000000000000     
  0.15000000000000002        0.0000000000000000     
  0.16000000000000003        0.0000000000000000     
  0.17000000000000004        0.0000000000000000     
  0.18000000000000005        0.0000000000000000     
  0.19000000000000006        0.0000000000000000     
  0.20000000000000007        0.0000000000000000     
  0.21000000000000008        0.0000000000000000     
  0.22000000000000008        0.0000000000000000     
  0.23000000000000009        0.0000000000000000     
  0.24000000000000010        0.0000000000000000     
  0.25000000000000011        0.0000000000000000     
  0.26000000000000012        0.0000000000000000     
  0.27000000000000013        3.5046397174799729E-003
  0.28000000000000014        1.3009030787050837E-002
  0.29000000000000015        2.7231825814380231E-002
  0.30000000000000016       0.10117488499906055     
  0.31000000000000016        6.5932981135824270E-002
  0.32000000000000017       0.19887138633816859     
  0.33000000000000018       0.51317684133142472     
  0.34000000000000019       0.54892407251333197     
  0.35000000000000020        1.5479340229166441     
  0.36000000000000021        3.9955566067236306     
  0.37000000000000022        5.6739752230975187     
  0.38000000000000023        8.5325479513281159     
  0.39000000000000024        14.568431367248904     
  0.40000000000000024        21.663066134758854     
  0.41000000000000025        30.521150117231834     
  0.42000000000000026        54.223444424213376     
  0.43000000000000027        85.480772477861834     
  0.44000000000000028        106.29215967439885     
  0.45000000000000029        164.86011677305001     
  0.46000000000000030        201.73656502282196     
  0.47000000000000031        367.44843085133999     
  0.48000000000000032        418.55157595148393     
  0.49000000000000032        544.82189402782035     
  0.50000000000000033        749.09323839602769     
  0.51000000000000034        1242.1693730657764     
  0.52000000000000035        1492.6447809714291     
  0.53000000000000036        2303.1241095410373     
  0.54000000000000037        2442.5377238771262     
  0.55000000000000038        3086.7875126275858     
  0.56000000000000039        4422.4627844836723     
  0.57000000000000040        4694.4509045321784     
  0.58000000000000040        6437.8499896538578     
  0.59000000000000041        8169.6400220297419     
  0.60000000000000042        11232.013338466757     
  0.61000000000000043        12444.018405812452     
  0.62000000000000044        14955.686733748042     
  0.63000000000000045        16739.358547861906     
  0.64000000000000046        24933.167936907925     
  0.65000000000000047        25853.192081618126     
  0.66000000000000048        33372.868119835155     
  0.67000000000000048        40140.435896770970     
  0.68000000000000049        42074.976975397425     
  0.69000000000000050        51951.621783106450     
  0.70000000000000051        60913.836284700687     
  0.71000000000000052        73736.254066090085     
  0.72000000000000053        82728.778971796870     
  0.73000000000000054        116096.86846298014     
  0.74000000000000055        116611.68773303174     
  0.75000000000000056        159044.39110481209     
  0.76000000000000056        169516.16565593000     
  0.77000000000000057        197138.54172914798     
  0.78000000000000058        205239.75402028803     
  0.79000000000000059        276659.65294649295     
  0.80000000000000060        232592.68537367959     
  0.81000000000000061        322728.74347063951     
  0.82000000000000062        310283.93030303897     
  0.83000000000000063        405852.01222646149     
  0.84000000000000064        401866.03133945767     
  0.85000000000000064        455345.48804012808     
  0.86000000000000065        542241.25467659929     
  0.87000000000000066        737302.63318231399     
  0.88000000000000067        893996.84239976935     
  0.89000000000000068        832526.23095693602     
  0.90000000000000069        1025328.1009475031     
  0.91000000000000070        1085305.5477803757     
  0.92000000000000071        1291321.9522744801     
  0.93000000000000071        1172959.8037087726     
  0.94000000000000072        1452445.2831446268     
  0.95000000000000073        1806145.6267155872     
  0.96000000000000074        2100156.9667207915     
  0.97000000000000075        2129948.7407917986     
  0.98000000000000076        2572311.6354627758     
  0.99000000000000077        2873667.4238029788     
   1.0000000000000007        3304315.8356687380     
   1.0100000000000007        3540335.7551005865     
   1.0200000000000007        5254790.2952004066     
   1.0300000000000007        5463478.5866712695     
   1.0400000000000007        6033050.2252999814     
   1.0500000000000007        7470280.4039491694     
   1.0600000000000007        5494636.1068242220     
   1.0700000000000007        8980749.3854561634     
   1.0800000000000007        9512224.9347364083     
   1.0900000000000007        14479362.603693934     
   1.1000000000000008        16764613.701989187     
   1.1100000000000008        22318175.607646789     
   1.1200000000000008        18134540.916373197     
   1.1300000000000008        31104511.348333623     
   1.1400000000000008        23762036.451291583     
   1.1500000000000008        27350349.493043695     
   1.1600000000000008        33255662.640784957     
   1.1700000000000008        49155073.433989353     
   1.1800000000000008        19712335.681390859     
   1.1900000000000008        17126603.275251068     
   1.2000000000000008        14927448.174353391     
   1.2100000000000009        13916798.653284423     
   1.2200000000000009        18649286.387857646     
   1.2300000000000009        18847307.370200034     
   1.2400000000000009        15772417.350902695     
   1.2500000000000009        10015462.218143212     
   1.2600000000000009        10114018.210284051     
   1.2700000000000009        10157115.547309633     
   1.2800000000000009        9333710.4782252293     
   1.2900000000000009        12473433.560962370     
   1.3000000000000009        9916194.7795446720     
   1.3100000000000009        8955975.6061486974     
   1.3200000000000010        9679111.8465068340     
   1.3300000000000010        7440995.7994144121     
   1.3400000000000010        7686490.4854238899     
   1.3500000000000010        7220943.9003893416     
   1.3600000000000010        6241900.8461206146     
   1.3700000000000010        7177070.0622519804     
   1.3800000000000010        6125056.8392645232     
   1.3900000000000010        7355731.3790714014     
   1.4000000000000010        5515220.5695476718     
   1.4100000000000010        5082117.1854845025     
   1.4200000000000010        4035595.3431032989     
   1.4300000000000010        5947931.6463894174     
   1.4400000000000011        3658298.4930351195     
   1.4500000000000011        3879620.7168009533     
   1.4600000000000011        4320448.6208082121     
   1.4700000000000011        4476400.9410732593     
   1.4800000000000011        3780871.8340035365     
   1.4900000000000011        3658272.0649792082     
   1.5000000000000011        3779973.1171980589     
   1.5100000000000011        3570102.5968594523     
   1.5200000000000011        3158462.2514710142     
   1.5300000000000011        3176788.4723173818     
   1.5400000000000011        3133037.9603709439     
   1.5500000000000012        2924127.0048217634     
   1.5600000000000012        3211178.1316061355     
   1.5700000000000012        3136169.6277530123     
   1.5800000000000012        2421024.7886379962     
   1.5900000000000012        2303481.9707314516     
   1.6000000000000012        2198303.0341665964     
   1.6100000000000012        2790393.0324745253     
   1.6200000000000012        2645452.8026186521     
   1.6300000000000012        2363140.1635693428     
   1.6400000000000012        2157086.6752840923     
   1.6500000000000012        2076115.4667029441     
   1.6600000000000013        2096054.3693653459     
   1.6700000000000013        2128988.5368540366     
   1.6800000000000013        1925249.7934127580     
   1.6900000000000013        1908577.5250142927     
   1.7000000000000013        1837304.5724217864     
   1.7100000000000013        2187927.4813941633     
   1.7200000000000013        1718874.0550370147     
   1.7300000000000013        2277705.1843554340     
   1.7400000000000013        1694258.1855604779     
   1.7500000000000013        1563002.8618823211     
   1.7600000000000013        1645785.7229762350     
   1.7700000000000014        1745530.1341495086     
   1.7800000000000014        1608045.0328198471     
   1.7900000000000014        1695797.6999638155     
   1.8000000000000014        1538128.6657036883     
   1.8100000000000014        1515161.3043739409     
   1.8200000000000014        1537190.4239419268     
   1.8300000000000014        1921966.6543138705     
   1.8400000000000014        1471924.0736751324     
   1.8500000000000014        1572453.4009419037     
   1.8600000000000014        1917979.7571038124     
   1.8700000000000014        1343558.5595074943     
   1.8800000000000014        1259691.9206462421     
   1.8900000000000015        1307930.6014686993     
   1.9000000000000015        1325077.1562519115     
   1.9100000000000015        1326176.8092422124     
   1.9200000000000015        2025615.2761682598     
   1.9300000000000015        1715377.7582971826     
   1.9400000000000015        1229351.3791928177     
   1.9500000000000015        1250861.8912049136     
   1.9600000000000015        1254078.5394537912     
   1.9700000000000015        1964562.1759531626     
   1.9800000000000015        1984003.4333134526     
   1.9900000000000015        1775034.6125602257     
   2.0000000000000013        1337976.3538092598     
   2.0100000000000011        1412611.0113966868     
   2.0200000000000009        1489098.5391892733     
   2.0300000000000007        1678042.7819619521     
   2.0400000000000005        1515386.4781858858     
   2.0500000000000003        1784168.0272327762     
   2.0600000000000001        1717343.5754608708     
   2.0699999999999998        2086026.7026783961     
   2.0799999999999996        1180981.5902887923     
   2.0899999999999994        1661838.6839921959     
   2.0999999999999992        2243298.6415295484     
   2.1099999999999990        2624082.6799998814     
   2.1199999999999988        1303983.5960954165     
   2.1299999999999986        1855255.3577268885     
   2.1399999999999983        2753151.5492262612     
   2.1499999999999981        1511415.0177171775     
   2.1599999999999979        2368574.4534754581     
   2.1699999999999977        2744533.9216939895     
   2.1799999999999975        2608422.8797783190     
   2.1899999999999973        1789430.2170368060     
   2.1999999999999971        1055993.3122262424     
   2.2099999999999969        2647157.6691433056     
   2.2199999999999966        3267092.5157143706     
   2.2299999999999964        4679741.7958289841     
   2.2399999999999962        3817558.4307511388     
   2.2499999999999960        1294755.0187460096     
   2.2599999999999958        2214848.2039190540     
   2.2699999999999956        3383493.5909596183     
   2.2799999999999954        1855473.4598687922     
   2.2899999999999952        1400968.6636947333     
   2.2999999999999949        3597937.2475682362     
   2.3099999999999947        1781237.8135081462     
   2.3199999999999945        3812440.5884264442     
   2.3299999999999943        1823394.5988945905     
   2.3399999999999941        2347793.0431841626     
   2.3499999999999939        3806401.6641726075     
   2.3599999999999937        2270110.1275009969     
   2.3699999999999934        1362032.3921291819     
   2.3799999999999932        3824431.1375022507     
   2.3899999999999930        3555131.7147539849     
   2.3999999999999928        2555611.1826420175     
   2.4099999999999926        3807048.6624021423     
   2.4199999999999924        3643137.0213586683     
   2.4299999999999922        2255929.8265345003     
   2.4399999999999920        3582389.2698968872     
   2.4499999999999917        2803296.8571609948     
   2.4599999999999915        2736509.3912205729     
   2.4699999999999913        3035569.7194634308     
   2.4799999999999911        2367682.9595655124     
   2.4899999999999909        3655359.5583552145     
   2.4999999999999907        3227563.8921898529     
   2.5099999999999905        2186577.2974208603     
   2.5199999999999902        5184418.5356986187     
   2.5299999999999900        4440998.8145821039     
   2.5399999999999898        3767801.8067514026     
   2.5499999999999896        6222133.9066727152     
   2.5599999999999894        4104622.7606930621     
   2.5699999999999892        4548388.8409988992     
   2.5799999999999890        3065584.5191135015     
   2.5899999999999888        4547446.8937517349     
   2.5999999999999885        3264999.6887987079     
   2.6099999999999883        9263003.3345863689     
   2.6199999999999881        6813637.1655155178     
   2.6299999999999879        6310573.0511611253     
   2.6399999999999877        5784800.9500792548     
   2.6499999999999875        7250458.9890207676     
   2.6599999999999873        10747114.473714540     
   2.6699999999999871        9020966.6148558985     
   2.6799999999999868        4262339.6538559664     
   2.6899999999999866        4577086.1219271990     
   2.6999999999999864        4953451.7731058318     
   2.7099999999999862        8141065.9922815068     
   2.7199999999999860        9691409.3638344985     
   2.7299999999999858        7977048.5554841114     
   2.7399999999999856        5436631.5052870391     
   2.7499999999999853        9498600.1622809805     
   2.7599999999999851        7591743.8659416763     
   2.7699999999999849        6907145.4977447204     
   2.7799999999999847        4040237.9884022018     
   2.7899999999999845        9829915.9141838904     
   2.7999999999999843        8329125.2603183258     
   2.8099999999999841        12605862.943500537     
   2.8199999999999839        8447824.2073152941     
   2.8299999999999836        5365441.1449385602     
   2.8399999999999834        8652756.9027189314     
   2.8499999999999832        11577914.649360610     
   2.8599999999999830        7897026.1009725919     
   2.8699999999999828        11904567.202328777     
   2.8799999999999826        9429687.0596260298     
   2.8899999999999824        10030748.680298755     
   2.8999999999999821        12059693.129483325     
   2.9099999999999819        12344127.495109044     
   2.9199999999999817        11187622.377777573     
   2.9299999999999815        6496548.6771520292     
   2.9399999999999813        11115541.339477502     
   2.9499999999999811        7919153.9239605414     
   2.9599999999999809        9982038.5620422047     
   2.9699999999999807        12576294.735278925     
   2.9799999999999804        6190118.1365150232     
   2.9899999999999802        12643134.517410852     
   2.9999999999999800        10362228.116487896     
   3.0099999999999798        14958715.196447762     
   3.0199999999999796        12051380.070790075     
   3.0299999999999794        7151419.7040574495     
   3.0399999999999792        15550101.694195796     
   3.0499999999999790        9330525.0255505014     
   3.0599999999999787        10121562.950133841     
   3.0699999999999785        11204687.637895890     
   3.0799999999999783        7672730.1154017104     
   3.0899999999999781        12990180.449581731     
   3.0999999999999779        19125495.977828052     
   3.1099999999999777        11363995.003281889     
   3.1199999999999775        19848605.985330004     
   3.1299999999999772        9234935.3464106414     
   3.1399999999999770        16319454.802186968     
   3.1499999999999768        11681569.328305023     
   3.1599999999999766        14604345.562490605     
   3.1699999999999764        10003783.870998653     
   3.1799999999999762        13890123.495983955     
   3.1899999999999760        14394628.138792656     
   3.1999999999999758        17141489.441981826     
   3.2099999999999755        12870168.776078038     
   3.2199999999999753        17855136.952639323     
   3.2299999999999751        12152195.784148922     
   3.2399999999999749        14706443.406609781     
   3.2499999999999747        12552093.384314833     
   3.2599999999999745        16038670.500741523     
   3.2699999999999743        19053059.893899638     
   3.2799999999999740        18184203.526452109     
   3.2899999999999738        16206109.640396537     
   3.2999999999999736        10142984.391638791     
   3.3099999999999734        21718759.386544291     
   3.3199999999999732        10996504.155710397     
   3.3299999999999730        15918099.311510993     
   3.3399999999999728        9306317.8300810475     
   3.3499999999999726        21169932.727389596     
   3.3599999999999723        15136357.246795155     
   3.3699999999999721        14164760.363881702     
   3.3799999999999719        13800119.910741547     
   3.3899999999999717        34845527.060102277     
   3.3999999999999715        35898704.884702027     
   3.4099999999999713        11483930.808676813     
   3.4199999999999711        18581634.792479791     
   3.4299999999999708        17898179.229563504     
   3.4399999999999706        20267810.935330398     
   3.4499999999999704        13018935.617839815     
   3.4599999999999702        18345568.816246584     
   3.4699999999999700        19507287.705385949     
   3.4799999999999698        21307749.873082153     
   3.4899999999999696        23939500.787235294     
   3.4999999999999694        26235239.614346880     
   3.5099999999999691        18778821.681175668     
   3.5199999999999689        23588967.362300307     
   3.5299999999999687        27097776.977722697     
   3.5399999999999685        21984692.958899368     
   3.5499999999999683        23274327.112914335     
   3.5599999999999681        22780870.609629750     
   3.5699999999999679        31507721.533526309     
   3.5799999999999677        24515786.823686782     
   3.5899999999999674        15363046.215728443     
   3.5999999999999672        16421004.893999247     
   3.6099999999999670        21519604.875432704     
   3.6199999999999668        25206182.916874681     
   3.6299999999999666        26338956.146244790     
   3.6399999999999664        22799102.144123849     
   3.6499999999999662        20962790.897267640     
   3.6599999999999659        30542759.420379553     
   3.6699999999999657        25814566.381912939     
   3.6799999999999655        30525274.896164615     
   3.6899999999999653        28624925.976281185     
   3.6999999999999651        29374710.378847636     
   3.7099999999999649        38234761.217538133     
   3.7199999999999647        21976290.147714529     
   3.7299999999999645        27455308.380877793     
   3.7399999999999642        36151002.712068222     
   3.7499999999999640        28922406.481463652     
   3.7599999999999638        31845301.359697290     
   3.7699999999999636        18275425.424949177     
   3.7799999999999634        26044722.137206126     
   3.7899999999999632        35337999.830922551     
   3.7999999999999630        30653156.721812572     
   3.8099999999999627        31165468.941746112     
   3.8199999999999625        19335076.879981965     
   3.8299999999999623        26349831.423730895     
   3.8399999999999621        25106380.571349736     
   3.8499999999999619        31966097.055607270     
   3.8599999999999617        30800237.205911852     
   3.8699999999999615        30940508.218919802     
   3.8799999999999613        24526839.565269820     
   3.8899999999999610        23720177.400374621     
   3.8999999999999608        29023720.371919986     
   3.9099999999999606        29931057.557926655     
   3.9199999999999604        38787640.520205215     
   3.9299999999999602        30825751.503184713     
   3.9399999999999600        33707829.359103940     
   3.9499999999999598        41643958.026637003     
   3.9599999999999596        31473032.332238525     
   3.9699999999999593        31660620.487730116     
   3.9799999999999591        35036289.104589842     
   3.9899999999999589        32590171.145850237     
   3.9999999999999587        39672039.469186865     
   4.0099999999999589        28587519.036867786     
   4.0199999999999587        27090153.757127155     
   4.0299999999999585        40926438.198084541     
   4.0399999999999583        20480584.655496929     
   4.0499999999999581        30080910.068660650     
   4.0599999999999579        35168508.100268163     
   4.0699999999999577        37442172.350973323     
   4.0799999999999574        40156705.777879290     
   4.0899999999999572        22617563.417005032     
   4.0999999999999570        32717761.316288959     
   4.1099999999999568        33425878.842649586     
   4.1199999999999566        29555706.176031541     
   4.1299999999999564        35732501.865514368     
   4.1399999999999562        59454195.057067864     
   4.1499999999999559        24474423.956315901     
   4.1599999999999557        31847272.073609464     
   4.1699999999999555        35426149.205350257     
   4.1799999999999553        44279498.733340465     
   4.1899999999999551        37506178.254432216     
   4.1999999999999549        36663749.654449202     
   4.2099999999999547        53817097.348123230     
   4.2199999999999545        44466090.231526464     
   4.2299999999999542        36464890.250501178     
   4.2399999999999540        32489310.085881077     
   4.2499999999999538        37060097.016735807     
   4.2599999999999536        32810120.479827352     
   4.2699999999999534        49461092.633094519     
   4.2799999999999532        48799462.035581000     
   4.2899999999999530        59425966.798111707     
   4.2999999999999527        39759537.786272109     
   4.3099999999999525        37059991.559133708     
   4.3199999999999523        38074748.596228227     
   4.3299999999999521        36046853.745896466     
   4.3399999999999519        45742806.101469606     
   4.3499999999999517        41439981.795919381     
   4.3599999999999515        41895204.186362892     
   4.3699999999999513        48374957.027333342     
   4.3799999999999510        52474101.763956174     
   4.3899999999999508        43648675.328711107     
   4.3999999999999506        49626429.349452384     
   4.4099999999999504        62312536.814657792     
   4.4199999999999502        39341247.707149290     
   4.4299999999999500        45326738.252606809     
   4.4399999999999498        45199075.565259285     
   4.4499999999999496        40479380.887127548     
   4.4599999999999493        28012377.466825724     
   4.4699999999999491        52556345.040485576     
   4.4799999999999489        49186521.511241347     
   4.4899999999999487        45748173.979170009     
   4.4999999999999485        43175255.638908349     
   4.5099999999999483        44646151.801043749     
   4.5199999999999481        41717735.907896623     
   4.5299999999999478        40308791.666685872     
   4.5399999999999476        56631639.985044628     
   4.5499999999999474        41037854.028123826     
   4.5599999999999472        43345631.971785508     
   4.5699999999999470        41712113.258291632     
   4.5799999999999468        44488590.090204448     
   4.5899999999999466        41531192.668285228     
   4.5999999999999464        55600475.276238121     
   4.6099999999999461        41423165.301531836     
   4.6199999999999459        46658358.494869404     
   4.6299999999999457        38137275.807664305     
   4.6399999999999455        59492721.634540245     
   4.6499999999999453        45739603.520632543     
   4.6599999999999451        42373421.480905391     
   4.6699999999999449        42694837.985695168     
   4.6799999999999446        53494043.375593461     
   4.6899999999999444        54311836.082603708     
   4.6999999999999442        49285082.552794576     
   4.7099999999999440        42599330.952973939     
   4.7199999999999438        49602668.525616363     
   4.7299999999999436        55056497.984830976     
   4.7399999999999434        44211276.814112507     
   4.7499999999999432        48175839.010116592     
   4.7599999999999429        39021144.814327411     
   4.7699999999999427        48088167.376663327     
   4.7799999999999425        56406415.411198743     
   4.7899999999999423        35622143.766114973     
   4.7999999999999421        48011130.049241602     
   4.8099999999999419        52372644.694270328     
   4.8199999999999417        68415316.896049783     
   4.8299999999999415        53394104.056154050     
   4.8399999999999412        76807653.179539129     
   4.8499999999999410        68714852.400760353     
   4.8599999999999408        57021828.842875935     
   4.8699999999999406        67930704.523635194     
   4.8799999999999404        53360062.552256852     
   4.8899999999999402        52692079.696219526     
   4.8999999999999400        57406039.962886274     
   4.9099999999999397        46351980.635548957     
   4.9199999999999395        67907429.265532598     
   4.9299999999999393        70174419.136761785     
   4.9399999999999391        65441542.678830467     
   4.9499999999999389        51546107.248409018     
   4.9599999999999387        49892091.757951960     
   4.9699999999999385        53386795.806060351     
   4.9799999999999383        70721101.648082182     
   4.9899999999999380        60822457.786048867     
   4.9999999999999378        57587864.760631382     
