  -4.0000000000000000       -1.0000000000000007     
  -3.9000000000000004       -1.0000000000000007     
  -3.8000000000000003       -1.0000000000000007     
  -3.7000000000000006       -1.0000000000000007     
  -3.6000000000000005       -1.0000000000000007     
  -3.5000000000000004       -1.0000000000000007     
  -3.4000000000000004       -1.0000000000000007     
  -3.3000000000000003       -1.0000000000000007     
  -3.2000000000000002       -1.0000000000000007     
  -3.1000000000000005       -1.0000000000000007     
  -3.0000000000000004       -1.0000000000000007     
  -2.9000000000000004       -1.0000000000000007     
  -2.8000000000000003       -1.0000000000000007     
  -2.7000000000000002       -1.0000000000000007     
  -2.6000000000000005       -1.0000000000000007     
  -2.5000000000000004       -1.0000000000000007     
  -2.4000000000000004       -1.0000000000000007     
  -2.3000000000000003       -1.0000000000000007     
  -2.2000000000000002       -1.0000000000000007     
  -2.1000000000000005       -1.0000000000000007     
  -2.0000000000000004       -1.0000000000000007     
  -1.9000000000000004       -1.0000000000000007     
  -1.8000000000000003       -1.0000000000000007     
  -1.7000000000000004       -1.0000000000000007     
  -1.6000000000000003       -1.0000000000000007     
  -1.5000000000000002       -1.0000000000000007     
  -1.4000000000000004       -1.0000000000000007     
  -1.3000000000000003       -1.0000000000000007     
  -1.2000000000000002       -1.0000000000000007     
  -1.1000000000000003       -1.0000000000000007     
  -1.0000000000000002       -1.0000000000000007     
 -0.90000000000000024       -1.0000000000000007     
 -0.80000000000000027       -1.0000000000000007     
 -0.70000000000000029       -1.0000000000000007     
 -0.60000000000000031       -1.0000000000000007     
 -0.50000000000000022       -1.0000000000000007     
 -0.40000000000000024       -1.0000000000000007     
 -0.30000000000000027       -1.0000000000000007     
 -0.20000000000000023       -1.0000000000000007     
 -0.10000000000000023       -1.0000000000000007     
  -2.2204460492503131E-016  -1.0000000000000007     
   9.9999999999999784E-002  -1.0000000000000007     
  0.19999999999999979       -1.0000000000000007     
  0.29999999999999982       -1.0000000000000007     
  0.39999999999999980       -1.0000000000000007     
  0.49999999999999978       -1.0000000000000007     
  0.59999999999999987       -1.0000000000000007     
  0.69999999999999984       -1.0000000000000007     
  0.79999999999999982       -1.0000000000000007     
  0.89999999999999980       -1.0000000000000007     
  0.99999999999999978      -0.99960000000000071     
   1.0999999999999999      -0.99980000000000069     
   1.1999999999999997       -1.0000000000000007     
   1.2999999999999998      -0.99940000000000073     
   1.3999999999999999      -0.99980000000000069     
   1.4999999999999998      -0.99940000000000073     
   1.5999999999999999      -0.99960000000000071     
   1.7000000000000000      -0.99980000000000069     
   1.7999999999999998        1.0000000000000007     
   1.8999999999999999        1.0000000000000007     
   2.0000000000000000        1.0000000000000007     
   2.1000000000000001        1.0000000000000007     
   2.1999999999999997        1.0000000000000007     
   2.2999999999999998        1.0000000000000007     
   2.3999999999999999        1.0000000000000007     
   2.5000000000000000        1.0000000000000007     
   2.6000000000000001        1.0000000000000007     
   2.6999999999999997        1.0000000000000007     
   2.7999999999999998        1.0000000000000007     
   2.8999999999999999        1.0000000000000007     
   3.0000000000000000        1.0000000000000007     
   3.1000000000000001        1.0000000000000007     
   3.2000000000000002        1.0000000000000007     
   3.2999999999999998        1.0000000000000007     
   3.3999999999999999        1.0000000000000007     
   3.5000000000000000        1.0000000000000007     
   3.6000000000000001        1.0000000000000007     
   3.7000000000000002        1.0000000000000007     
   3.7999999999999998        1.0000000000000007     
   3.8999999999999999        1.0000000000000007     
   4.0000000000000000        1.0000000000000007     
   3.8999999999999999        1.0000000000000007     
   3.7999999999999998        1.0000000000000007     
   3.7000000000000002        1.0000000000000007     
   3.6000000000000001        1.0000000000000007     
   3.5000000000000000        1.0000000000000007     
   3.3999999999999999        1.0000000000000007     
   3.2999999999999998        1.0000000000000007     
   3.2000000000000002        1.0000000000000007     
   3.1000000000000001        1.0000000000000007     
   3.0000000000000000        1.0000000000000007     
   2.8999999999999999        1.0000000000000007     
   2.7999999999999998        1.0000000000000007     
   2.6999999999999997        1.0000000000000007     
   2.6000000000000001        1.0000000000000007     
   2.5000000000000000        1.0000000000000007     
   2.3999999999999999        1.0000000000000007     
   2.2999999999999998        1.0000000000000007     
   2.1999999999999997        1.0000000000000007     
   2.1000000000000001        1.0000000000000007     
   2.0000000000000000        1.0000000000000007     
   1.8999999999999999        1.0000000000000007     
   1.7999999999999998        1.0000000000000007     
   1.7000000000000000        1.0000000000000007     
   1.5999999999999999        1.0000000000000007     
   1.4999999999999998        1.0000000000000007     
   1.3999999999999999        1.0000000000000007     
   1.2999999999999998        1.0000000000000007     
   1.1999999999999997        1.0000000000000007     
   1.0999999999999999        1.0000000000000007     
  0.99999999999999978        1.0000000000000007     
  0.89999999999999980        1.0000000000000007     
  0.79999999999999982        1.0000000000000007     
  0.69999999999999984        1.0000000000000007     
  0.59999999999999987        1.0000000000000007     
  0.49999999999999978        1.0000000000000007     
  0.39999999999999980        1.0000000000000007     
  0.29999999999999982        1.0000000000000007     
  0.19999999999999979        1.0000000000000007     
   9.9999999999999784E-002   1.0000000000000007     
  -2.2204460492503131E-016   1.0000000000000007     
 -0.10000000000000023       0.99980000000000069     
 -0.20000000000000023        1.0000000000000007     
 -0.30000000000000027        1.0000000000000007     
 -0.40000000000000024        1.0000000000000007     
 -0.50000000000000022       0.99980000000000069     
 -0.60000000000000031        1.0000000000000007     
 -0.70000000000000029        1.0000000000000007     
 -0.80000000000000027        1.0000000000000007     
 -0.90000000000000024        1.0000000000000007     
  -1.0000000000000002       0.99980000000000069     
  -1.1000000000000003       0.99920000000000064     
  -1.2000000000000002       0.99920000000000075     
  -1.3000000000000003        1.0000000000000007     
  -1.4000000000000004        1.0000000000000007     
  -1.5000000000000002       0.99980000000000069     
  -1.6000000000000003        1.0000000000000007     
  -1.7000000000000004       0.99940000000000073     
  -1.8000000000000003       0.99880000000000069     
  -1.9000000000000004       -1.0000000000000007     
  -2.0000000000000004       -1.0000000000000007     
  -2.1000000000000005       -1.0000000000000007     
  -2.2000000000000002       -1.0000000000000007     
  -2.3000000000000003       -1.0000000000000007     
  -2.4000000000000004       -1.0000000000000007     
  -2.5000000000000004       -1.0000000000000007     
  -2.6000000000000005       -1.0000000000000007     
  -2.7000000000000002       -1.0000000000000007     
  -2.8000000000000003       -1.0000000000000007     
  -2.9000000000000004       -1.0000000000000007     
  -3.0000000000000004       -1.0000000000000007     
  -3.1000000000000005       -1.0000000000000007     
  -3.2000000000000002       -1.0000000000000007     
  -3.3000000000000003       -1.0000000000000007     
  -3.4000000000000004       -1.0000000000000007     
  -3.5000000000000004       -1.0000000000000007     
  -3.6000000000000005       -1.0000000000000007     
  -3.7000000000000006       -1.0000000000000007     
  -3.8000000000000003       -1.0000000000000007     
  -3.9000000000000004       -1.0000000000000007     
  -4.0000000000000000       -1.0000000000000007     
