  0.10000000000000001        1.0000000000000007     
  0.20000000000000001        1.0000000000000007     
  0.30000000000000004        1.0000000000000007     
  0.40000000000000002        1.0000000000000007     
  0.50000000000000000        1.0000000000000007     
  0.59999999999999998       0.99999600000000077     
  0.69999999999999996       0.99998800000000077     
  0.79999999999999993       0.99989200000000067     
  0.89999999999999991       0.99973600000000051     
  0.99999999999999989       0.99917600000000006     
   1.0999999999999999       0.99852799999999953     
   1.2000000000000000       0.99700799999999845     
   1.3000000000000000       0.99447999999999737     
   1.4000000000000001       0.99107999999999785     
   1.5000000000000002       0.98623200000000033     
   1.6000000000000003       0.97949600000000114     
   1.7000000000000004       0.96958799999999890     
   1.8000000000000005       0.95684799999999970     
   1.9000000000000006       0.93917999999999957     
   2.0000000000000004       0.91536399999999984     
   2.1000000000000005       0.87201599999999946     
   2.2000000000000006       0.79986799999999969     
   2.3000000000000007       0.66331599999999957     
   2.4000000000000008      -0.16870799999999994     
   2.5000000000000009       -3.5679999999999970E-003
   2.6000000000000010        5.0783999999999996E-002
   2.7000000000000011        4.7196000000000016E-002
   2.8000000000000012       -2.0304000000000010E-002
   2.9000000000000012       -8.0720000000000010E-003
   3.0000000000000013        7.8279999999999982E-003
   3.1000000000000014        4.4400000000000266E-004
   3.2000000000000015       -1.4520000000000002E-003
   3.3000000000000016       -4.0360000000000014E-003
   3.4000000000000017       -1.6880000000000007E-003
   3.5000000000000018       -9.2800000000000022E-004
   3.6000000000000019        4.0120000000000017E-003
   3.7000000000000020       -7.7200000000000001E-004
   3.8000000000000020       -3.0800000000000007E-003
   3.9000000000000021        5.8239999999999976E-003
   4.0000000000000018        4.9000000000000016E-003
   4.1000000000000014        1.0000000000000064E-004
   4.2000000000000011        3.9999999999998140E-005
   4.3000000000000007       -1.0599999999999993E-003
   4.4000000000000004        3.4799999999999992E-003
   4.5000000000000000       -1.2919999999999991E-003
   4.5999999999999996        1.7759999999999989E-003
   4.6999999999999993        2.8520000000000008E-003
   4.7999999999999989        3.3999999999999916E-004
   4.8999999999999986       -8.8400000000000078E-004
   4.9999999999999982       -7.0000000000000075E-004
   5.0999999999999979        1.3279999999999993E-003
   5.1999999999999975        1.6279999999999992E-003
   5.2999999999999972       -2.1559999999999999E-003
   5.3999999999999968        3.8839999999999986E-003
   5.4999999999999964        2.4960000000000004E-003
   5.5999999999999961       -3.9200000000000026E-004
   5.6999999999999957        1.3000000000000002E-003
   5.7999999999999954        8.7199999999999908E-004
   5.8999999999999950       -3.2359999999999980E-003
   5.9999999999999947       -3.7480000000000000E-003
   6.0999999999999943       -5.7600000000000023E-004
   6.1999999999999940        1.8800000000000053E-004
   6.2999999999999936        1.1039999999999993E-003
   6.3999999999999932       -3.2399999999999953E-004
   6.4999999999999929       -3.8399999999999958E-004
   6.5999999999999925       -9.0799999999999963E-004
   6.6999999999999922        1.8519999999999988E-003
   6.7999999999999918        1.4559999999999994E-003
   6.8999999999999915       -1.2560000000000004E-003
   6.9999999999999911       -5.0399999999999924E-004
   7.0999999999999908        2.3440000000000002E-003
   7.1999999999999904        6.2000000000000000E-004
   7.2999999999999901        9.6000000000000035E-004
   7.3999999999999897       -1.8960000000000010E-003
   7.4999999999999893       -1.3559999999999998E-003
   7.5999999999999890        3.6000000000000019E-004
   7.6999999999999886       -1.2960000000000001E-003
   7.7999999999999883        2.7239999999999994E-003
   7.8999999999999879       -7.7599999999999989E-004
   7.9999999999999876        3.1199999999999989E-004
   8.0999999999999872        2.8799999999999968E-004
   8.1999999999999869       -5.9199999999999986E-004
   8.2999999999999865        1.1239999999999987E-003
   8.3999999999999861       -1.2439999999999994E-003
   8.4999999999999858        4.6799999999999972E-004
   8.5999999999999854       -6.1599999999999958E-004
   8.6999999999999851        3.4800000000000016E-004
   8.7999999999999847        1.0520000000000004E-003
   8.8999999999999844        1.0880000000000004E-003
   8.9999999999999840       -2.1880000000000011E-003
   9.0999999999999837        2.4399999999999994E-004
   9.1999999999999833       -1.0399999999999971E-004
   9.2999999999999829       -3.4800000000000000E-004
   9.3999999999999826        4.0000000000000091E-005
   9.4999999999999822       -4.1999999999999991E-004
   9.5999999999999819        3.6000000000000353E-005
   9.6999999999999815       -9.9199999999999983E-004
   9.7999999999999812        6.5600000000000012E-004
   9.8999999999999808       -1.1840000000000004E-003
   9.9999999999999805       -5.7200000000000003E-004
