  0.10000000000000001        1.0000000000000007     
  0.20000000000000001        1.0000000000000007     
  0.30000000000000004        1.0000000000000007     
  0.40000000000000002        1.0000000000000007     
  0.50000000000000000        1.0000000000000007     
  0.59999999999999998        1.0000000000000007     
  0.69999999999999996        1.0000000000000007     
  0.79999999999999993        1.0000000000000007     
  0.89999999999999991        1.0000000000000007     
  0.99999999999999989       0.99997600000000075     
   1.0999999999999999       0.99998000000000076     
   1.2000000000000000       0.99992800000000071     
   1.3000000000000000       0.99976400000000054     
   1.4000000000000001       0.99965200000000043     
   1.5000000000000002       0.99926400000000015     
   1.6000000000000003       0.99875599999999976     
   1.7000000000000004       0.99807599999999919     
   1.8000000000000005       0.99693599999999860     
   1.9000000000000006       0.99565199999999776     
   2.0000000000000004       0.99422399999999767     
   2.1000000000000005       0.99141199999999752     
   2.2000000000000006       0.98858399999999835     
   2.3000000000000007       0.98466000000000131     
   2.4000000000000008       0.97992400000000079     
   2.5000000000000009       0.97415599999999947     
   2.6000000000000010       0.96530400000000049     
   2.7000000000000011       0.95686400000000027     
   2.8000000000000012       0.94473199999999968     
   2.9000000000000012       0.92852399999999990     
   3.0000000000000013       0.91035599999999961     
   3.1000000000000014       0.89084400000000041     
   3.2000000000000015       0.84915999999999980     
   3.3000000000000016       0.80416799999999988     
   3.4000000000000017       0.75625199999999992     
   3.5000000000000018      -0.36617599999999995     
   3.6000000000000019       -2.9919999999999942E-003
   3.7000000000000020        7.3240000000000013E-002
   3.8000000000000020        3.9239999999999983E-002
   3.9000000000000021        6.2963999999999978E-002
   4.0000000000000018        2.5103999999999991E-002
   4.1000000000000014        1.1999999999999812E-005
   4.2000000000000011       -5.6519999999999982E-003
   4.3000000000000007       -4.0600000000000037E-003
   4.4000000000000004        4.1119999999999985E-003
   4.5000000000000000       -6.4080000000000005E-003
   4.5999999999999996       -1.3003999999999998E-002
   4.6999999999999993        3.0999999999999999E-003
   4.7999999999999989       -2.2000000000000001E-003
   4.8999999999999986        2.7200000000000011E-003
   4.9999999999999982        1.3688000000000002E-002
   5.0999999999999979        5.2279999999999974E-003
   5.1999999999999975        6.1160000000000016E-003
   5.2999999999999972       -9.3480000000000021E-003
   5.3999999999999968        1.8639999999999991E-003
   5.4999999999999964       -2.7279999999999991E-003
   5.5999999999999961        2.6000000000000041E-004
   5.6999999999999957       -1.2440000000000001E-003
   5.7999999999999954        2.0399999999999913E-004
   5.8999999999999950       -4.1559999999999991E-003
   5.9999999999999947        5.6960000000000014E-003
   6.0999999999999943       -1.1720000000000003E-003
   6.1999999999999940        8.0000000000004045E-006
   6.2999999999999936       -2.4239999999999995E-003
   6.3999999999999932       -3.5280000000000008E-003
   6.4999999999999929        3.4919999999999981E-003
   6.5999999999999925        2.8320000000000021E-003
   6.6999999999999922        1.5159999999999991E-003
   6.7999999999999918        8.7200000000000070E-004
   6.8999999999999915       -1.4200000000000005E-003
   6.9999999999999911        6.2000000000000065E-004
   7.0999999999999908        3.4879999999999993E-003
   7.1999999999999904        2.4920000000000016E-003
   7.2999999999999901        4.9999999999999990E-004
   7.3999999999999897        3.5199999999999983E-004
   7.4999999999999893        3.0400000000000083E-004
   7.5999999999999890        2.1679999999999998E-003
   7.6999999999999886       -2.3999999999999927E-004
   7.7999999999999883       -2.2399999999999975E-004
   7.8999999999999879       -1.7599999999999975E-003
   7.9999999999999876       -2.3280000000000002E-003
   8.0999999999999872        2.6400000000000004E-003
   8.1999999999999869        2.2200000000000006E-003
   8.2999999999999865        4.2800000000000059E-004
   8.3999999999999861        9.2800000000000001E-004
   8.4999999999999858       -3.5440000000000007E-003
   8.5999999999999854        2.0000000000000017E-004
   8.6999999999999851       -2.0720000000000001E-003
   8.7999999999999847        1.7320000000000024E-003
   8.8999999999999844       -1.2759999999999996E-003
   8.9999999999999840        1.0559999999999996E-003
   9.0999999999999837        8.9599999999999977E-004
   9.1999999999999833       -5.0000000000000001E-004
   9.2999999999999829        9.0399999999999964E-004
   9.3999999999999826       -3.2000000000000398E-005
   9.4999999999999822       -1.2200000000000006E-003
   9.5999999999999819       -3.7639999999999987E-003
   9.6999999999999815        1.2600000000000001E-003
   9.7999999999999812        3.2400000000000072E-004
   9.8999999999999808       -1.1680000000000009E-003
   9.9999999999999805        5.9599999999999996E-004
