  0.10000000000000001        0.0000000000000000     
  0.20000000000000001        0.0000000000000000     
  0.30000000000000004        0.0000000000000000     
  0.40000000000000002        0.0000000000000000     
  0.50000000000000000        0.0000000000000000     
  0.59999999999999998        0.0000000000000000     
  0.69999999999999996        3.7264486595513897E-022
  0.79999999999999993       -8.0000000000000013E-006
  0.89999999999999991       -4.3999999999999992E-005
  0.99999999999999989        8.0000000000000081E-006
   1.0999999999999999       -2.3999999999999994E-005
   1.2000000000000000       -1.2400000000000001E-004
   1.3000000000000000       -1.5600000000000002E-004
   1.4000000000000001       -1.6800000000000004E-004
   1.5000000000000002       -4.4000000000000046E-005
   1.6000000000000003       -2.3599999999999988E-004
   1.7000000000000004        3.5999999999999994E-005
   1.8000000000000005        1.7600000000000002E-004
   1.9000000000000006        9.6000000000000030E-005
   2.0000000000000004        1.0399999999999974E-004
   2.1000000000000005       -1.4000000000000007E-004
   2.2000000000000006       -5.5600000000000007E-004
   2.3000000000000007        1.5999999999999992E-005
   2.4000000000000008       -1.0799999999999972E-004
   2.5000000000000009        5.9999999999999961E-005
   2.6000000000000010        3.5999999999999838E-005
   2.7000000000000011       -1.1199999999999993E-004
   2.8000000000000012       -1.2000000000000060E-005
   2.9000000000000012       -9.1999999999999959E-005
   3.0000000000000013        2.1599999999999972E-004
   3.1000000000000014       -3.8400000000000023E-004
   3.2000000000000015       -4.5600000000000003E-004
   3.3000000000000016       -1.9999999999999930E-005
   3.4000000000000017        4.5599999999999970E-004
   3.5000000000000018       -3.5199999999999977E-004
   3.6000000000000019        7.9999999999999387E-006
   3.7000000000000020        3.7200000000000021E-004
   3.8000000000000020       -3.9200000000000004E-004
   3.9000000000000021       -4.5199999999999993E-004
   4.0000000000000018       -3.2400000000000001E-004
   4.1000000000000014        4.3999999999999980E-004
   4.2000000000000011       -4.5600000000000019E-004
   4.3000000000000007       -4.5999999999999985E-004
   4.4000000000000004        2.3199999999999976E-004
   4.5000000000000000        2.7200000000000005E-004
   4.5999999999999996        5.1200000000000019E-004
   4.6999999999999993        1.6000000000000015E-004
   4.7999999999999989        3.6799999999999989E-004
   4.8999999999999986       -6.6400000000000042E-004
   4.9999999999999982       -3.5599999999999993E-004
   5.0999999999999979       -7.9999999999999925E-005
   5.1999999999999975       -5.5999999999999850E-005
   5.2999999999999972       -3.1599999999999977E-004
   5.3999999999999968        6.9200000000000034E-004
   5.4999999999999964        2.3200000000000008E-004
   5.5999999999999961       -5.5599999999999985E-004
   5.6999999999999957        4.7999999999999961E-005
   5.7999999999999954       -5.1600000000000007E-004
   5.8999999999999950       -3.4000000000000008E-004
   5.9999999999999947        2.0399999999999973E-004
   6.0999999999999943       -3.2399999999999991E-004
   6.1999999999999940       -5.9999999999999951E-004
   6.2999999999999936        3.2800000000000017E-004
   6.3999999999999932       -2.8399999999999996E-004
   6.4999999999999929        1.0000000000000006E-004
   6.5999999999999925        1.5599999999999997E-004
   6.6999999999999922       -1.2879999999999992E-003
   6.7999999999999918        1.6799999999999994E-004
   6.8999999999999915        3.9599999999999960E-004
   6.9999999999999911        3.9999999999999983E-005
   7.0999999999999908        5.1999999999999888E-005
   7.1999999999999904        6.9600000000000000E-004
   7.2999999999999901       -1.9200000000000006E-004
   7.3999999999999897        2.6800000000000023E-004
   7.4999999999999893        2.2400000000000051E-004
   7.5999999999999890       -1.3599999999999970E-004
   7.6999999999999886       -1.2000000000000170E-005
   7.7999999999999883       -3.1999999999999997E-004
   7.8999999999999879        4.3600000000000014E-004
   7.9999999999999876        5.5599999999999985E-004
   8.0999999999999872        1.0400000000000024E-004
   8.1999999999999869       -1.2000000000000068E-005
   8.2999999999999865        1.8799999999999999E-004
   8.3999999999999861        1.6400000000000014E-004
   8.4999999999999858        4.8799999999999988E-004
   8.5999999999999854       -3.0800000000000022E-004
   8.6999999999999851        7.8399999999999997E-004
   8.7999999999999847       -4.4399999999999979E-004
   8.8999999999999844       -9.7200000000000010E-004
   8.9999999999999840       -5.1200000000000030E-004
   9.0999999999999837        2.4000000000000051E-005
   9.1999999999999833       -4.4799999999999967E-004
   9.2999999999999829       -2.9599999999999993E-004
   9.3999999999999826        6.7999999999999918E-005
   9.4999999999999822        8.0000000000000488E-006
   9.5999999999999819       -4.7599999999999975E-004
   9.6999999999999815       -5.5999999999999986E-005
   9.7999999999999812        3.7599999999999992E-004
   9.8999999999999808        4.8799999999999966E-004
   9.9999999999999805        5.8399999999999967E-004
