  -4.5000000000000000        2.3594876966914638E-006
  -4.4000000000000004        4.4373425918681914E-031
  -4.3000000000000007        4.4373425918681914E-031
  -4.2000000000000011        4.4373425918681914E-031
  -4.1000000000000014        4.4373425918681914E-031
  -4.0000000000000018        4.4373425918681914E-031
  -3.9000000000000017        4.4373425918681914E-031
  -3.8000000000000016        4.4373425918681914E-031
  -3.7000000000000015        4.4373425918681914E-031
  -3.6000000000000014        4.4373425918681914E-031
  -3.5000000000000013        4.4373425918681914E-031
  -3.4000000000000012        4.4373425918681914E-031
  -3.3000000000000012        4.4373425918681914E-031
  -3.2000000000000011        4.4373425918681914E-031
  -3.1000000000000010        4.4373425918681914E-031
  -3.0000000000000009        4.4373425918681914E-031
  -2.9000000000000008        4.4373425918681914E-031
  -2.8000000000000007        4.4373425918681914E-031
  -2.7000000000000006        4.4373425918681914E-031
  -2.6000000000000005        4.4373425918681914E-031
  -2.5000000000000004        4.4373425918681914E-031
  -2.4000000000000004        4.4373425918681914E-031
  -2.3000000000000003        4.4373425918681914E-031
  -2.2000000000000002        4.4373425918681914E-031
  -2.1000000000000001        4.4373425918681914E-031
  -2.0000000000000000        4.4373425918681914E-031
  -1.8999999999999999        4.4373425918681914E-031
  -1.7999999999999998        4.4373425918681914E-031
  -1.6999999999999997        4.4373425918681914E-031
  -1.5999999999999996        4.4373425918681914E-031
  -1.4999999999999996        4.4373425918681914E-031
  -1.3999999999999995        4.4373425918681914E-031
  -1.2999999999999994        4.4373425918681914E-031
  -1.1999999999999993        4.4373425918681914E-031
  -1.0999999999999992        1.5968015938811041E-013
 -0.99999999999999922        4.4373425918681914E-031
 -0.89999999999999925        1.5968015938811041E-013
 -0.79999999999999927        4.4373425918681914E-031
 -0.69999999999999929        4.4373425918681914E-031
 -0.59999999999999931        4.4373425918681914E-031
 -0.49999999999999933        4.4373425918681914E-031
 -0.39999999999999936        4.4373425918681914E-031
 -0.29999999999999938        4.4373425918681914E-031
 -0.19999999999999937        4.4373425918681914E-031
  -9.9999999999999367E-002   1.5968015938811041E-013
   6.3837823915946501E-016   1.5968015938811041E-013
  0.10000000000000064        4.4373425918681914E-031
  0.20000000000000065        6.3744255861857132E-013
  0.30000000000000066        1.5968015938811041E-013
  0.40000000000000069        4.4373425918681914E-031
  0.50000000000000067        2.5395609573163114E-012
  0.60000000000000064        2.5395609573163114E-012
  0.70000000000000062        1.5968015938811041E-013
  0.80000000000000060        2.5395609573163114E-012
  0.90000000000000058        1.2819264154382661E-011
   1.0000000000000007        6.3744255861857132E-013
   1.1000000000000008        1.8936422553373791E-011
   1.2000000000000008        7.7306241555098682E-012
   1.3000000000000009        1.8936422552408016E-011
   1.4000000000000010        3.5421542551485118E-011
   1.5000000000000011        6.2372085749610531E-011
   1.6000000000000012        3.0913599991917376E-011
   1.7000000000000013       0.94656475771836857     
   1.8000000000000014        4.4373425918681914E-031
   1.9000000000000015        4.4373425918681914E-031
   2.0000000000000013        4.4373425918681914E-031
   2.1000000000000014        4.4373425918681914E-031
   2.2000000000000015        4.4373425918681914E-031
   2.3000000000000016        4.4373425918681914E-031
   2.4000000000000017        4.4373425918681914E-031
   2.5000000000000018        4.4373425918681914E-031
   2.6000000000000019        4.4373425918681914E-031
   2.7000000000000020        4.4373425918681914E-031
   2.8000000000000020        4.4373425918681914E-031
   2.9000000000000021        4.4373425918681914E-031
   3.0000000000000022        4.4373425918681914E-031
   3.1000000000000023        4.4373425918681914E-031
   3.2000000000000024        4.4373425918681914E-031
   3.3000000000000025        4.4373425918681914E-031
   3.4000000000000026        4.4373425918681914E-031
   3.5000000000000027        4.4373425918681914E-031
   3.6000000000000028        4.4373425918681914E-031
   3.7000000000000028        4.4373425918681914E-031
   3.8000000000000029        4.4373425918681914E-031
   3.9000000000000030        4.4373425918681914E-031
   4.0000000000000027        4.4373425918681914E-031
   4.1000000000000023        4.4373425918681914E-031
   4.2000000000000020        4.4373425918681914E-031
   4.3000000000000016        4.4373425918681914E-031
   4.4000000000000012        4.4373425918681914E-031
