  -4.5000000000000000        4.4373425918681914E-031
  -4.4000000000000004        4.4373425918681914E-031
  -4.3000000000000007        4.4373425918681914E-031
  -4.2000000000000011        4.4373425918681914E-031
  -4.1000000000000014        4.4373425918681914E-031
  -4.0000000000000018        4.4373425918681914E-031
  -3.9000000000000017        4.4373425918681914E-031
  -3.8000000000000016        4.4373425918681914E-031
  -3.7000000000000015        4.4373425918681914E-031
  -3.6000000000000014        4.4373425918681914E-031
  -3.5000000000000013        4.4373425918681914E-031
  -3.4000000000000012        4.4373425918681914E-031
  -3.3000000000000012        4.4373425918681914E-031
  -3.2000000000000011        4.4373425918681914E-031
  -3.1000000000000010        4.4373425918681914E-031
  -3.0000000000000009        4.4373425918681914E-031
  -2.9000000000000008        1.5968015938811041E-013
  -2.8000000000000007        4.4373425918681914E-031
  -2.7000000000000006        4.4373425918681914E-031
  -2.6000000000000005        1.5968015929938138E-013
  -2.5000000000000004        4.4373425918681914E-031
  -2.4000000000000004        4.4373425918681914E-031
  -2.3000000000000003        4.4373425918681914E-031
  -2.2000000000000002        4.4373425918681914E-031
  -2.1000000000000001        4.4373425918681914E-031
  -2.0000000000000000        1.5968015938811041E-013
  -1.8999999999999999        1.5968015938811041E-013
  -1.7999999999999998        4.4373425918681914E-031
  -1.6999999999999997        4.4373425918681914E-031
  -1.5999999999999996        4.4373425918681914E-031
  -1.4999999999999996        2.5395609573163114E-012
  -1.3999999999999995        6.3744255861857132E-013
  -1.2999999999999994        3.9600999966946126E-012
  -1.1999999999999993        5.6910873560924851E-012
  -1.0999999999999992        1.4313729584888185E-012
 -0.99999999999999922        6.3744255861857132E-013
 -0.89999999999999925        5.6910873560924851E-012
 -0.79999999999999927        7.7306241555098682E-012
 -0.69999999999999929        1.8936422553373791E-011
 -0.59999999999999931        1.5681599993878916E-011
 -0.49999999999999933        1.8936422553373791E-011
 -0.39999999999999936        1.5681599994758215E-011
 -0.29999999999999938        1.1211421454542708E-010
 -0.19999999999999937        1.1211421454542708E-010
  -9.9999999999999367E-002   9.5062499988295680E-011
   6.3837823915946501E-016   2.0477609998359501E-010
  0.10000000000000064        6.5484809997695132E-010
  0.20000000000000065        7.6830969853207589E-010
  0.30000000000000066        1.4295658521210414E-009
  0.40000000000000069        1.4622975999877725E-009
  0.50000000000000067        9.3881371777171673E-009
  0.60000000000000064       0.39603841841966203     
  0.70000000000000062        1.2727769754403316E-011
  0.80000000000000060        1.8936422553373791E-011
  0.90000000000000058        6.3744255861857132E-013
   1.0000000000000007        1.4313729579575103E-012
   1.1000000000000008        5.6910873566219356E-012
   1.2000000000000008        3.9600999966946126E-012
   1.3000000000000009        1.4313729582231643E-012
   1.4000000000000010        3.9600999971362656E-012
   1.5000000000000011        1.5968015938811041E-013
   1.6000000000000012        6.3744255879585172E-013
   1.7000000000000013        4.4373425918681914E-031
   1.8000000000000014        4.4373425918681914E-031
   1.9000000000000015        4.4373425918681914E-031
   2.0000000000000013        4.4373425918681914E-031
   2.1000000000000014        1.5968015938811041E-013
   2.2000000000000015        4.4373425918681914E-031
   2.3000000000000016        1.5968015947683942E-013
   2.4000000000000017        4.4373425918681914E-031
   2.5000000000000018        4.4373425918681914E-031
   2.6000000000000019        4.4373425918681914E-031
   2.7000000000000020        4.4373425918681914E-031
   2.8000000000000020        4.4373425918681914E-031
   2.9000000000000021        4.4373425918681914E-031
   3.0000000000000022        4.4373425918681914E-031
   3.1000000000000023        4.4373425918681914E-031
   3.2000000000000024        4.4373425918681914E-031
   3.3000000000000025        4.4373425918681914E-031
   3.4000000000000026        1.5968015938811041E-013
   3.5000000000000027        4.4373425918681914E-031
   3.6000000000000028        4.4373425918681914E-031
   3.7000000000000028        4.4373425918681914E-031
   3.8000000000000029        4.4373425918681914E-031
   3.9000000000000030        4.4373425918681914E-031
   4.0000000000000027        4.4373425918681914E-031
   4.1000000000000023        4.4373425918681914E-031
   4.2000000000000020        4.4373425918681914E-031
   4.3000000000000016        4.4373425918681914E-031
   4.4000000000000012        4.4373425918681914E-031
