   1.0000000000000000E-002   0.0000000000000000     
  0.11000000000000000        0.0000000000000000     
  0.21000000000000002        0.0000000000000000     
  0.31000000000000005        0.0000000000000000     
  0.41000000000000003        0.0000000000000000     
  0.51000000000000001        3.1309835294117653E-021
  0.60999999999999999        9.4598840918032758E-019
  0.70999999999999996        3.9179728982535064E-017
  0.80999999999999994        4.4563210000000051E-016
  0.90999999999999992        2.3875551515794474E-013
   1.0100000000000000        2.3103978994694599E-014
   1.1100000000000001        7.2122048350790740E-014
   1.2100000000000002        2.4407103034793357E-013
   1.3100000000000003        6.2272338838631336E-013
   1.4100000000000004        3.7595045067060405E-012
   1.5100000000000005        2.6207764361775046E-012
   1.6100000000000005        8.5021420546266848E-012
   1.7100000000000006        8.8004449535556500E-012
   1.8100000000000007        1.4359567590144200E-011
   1.9100000000000008        2.3218457912762954E-011
   2.0100000000000007        3.4919818786817138E-011
   2.1100000000000008        6.2724506033795311E-011
   2.2100000000000009        9.2809061046118274E-011
   2.3100000000000009        1.4836383920758459E-010
   2.4100000000000010        1.9121050543776027E-010
   2.5100000000000011        1.9090811524253752E-010
   2.6100000000000012        2.3964984386115715E-010
   2.7100000000000013        2.6878678051109162E-010
   2.8100000000000014        3.4107090595637846E-010
   2.9100000000000015        2.8770906612130934E-010
   3.0100000000000016        4.1167607305234535E-010
   3.1100000000000017        3.1117064660215093E-010
   3.2100000000000017        2.9633965097895623E-010
   3.3100000000000018        4.1628760638019909E-010
   3.4100000000000019        3.9151688002858567E-010
   3.5100000000000020        4.0619569429332658E-010
   3.6100000000000021        3.1460213314671800E-010
   3.7100000000000022        3.7745172778178431E-010
   3.8100000000000023        4.3475014142056698E-010
   3.9100000000000024        5.5106737308736748E-010
   4.0100000000000025        4.4263404367392047E-010
   4.1100000000000021        5.2971984880994421E-010
   4.2100000000000017        4.4739934610407819E-010
   4.3100000000000014        3.8891517565669807E-010
   4.4100000000000010        4.3343394849390127E-010
   4.5100000000000007        4.3481424759020009E-010
   4.6100000000000003        3.3191640063418414E-010
   4.7100000000000000        5.8455712682104743E-010
   4.8099999999999996        5.4299865411270062E-010
   4.9099999999999993        4.2984369060503090E-010
   5.0099999999999989        5.6725798347377441E-010
   5.1099999999999985        4.2879222757528044E-010
   5.2099999999999982        6.7015482994531790E-010
   5.3099999999999978        4.5845940047211168E-010
   5.4099999999999975        5.3455247022337580E-010
   5.5099999999999971        4.0134043622539343E-010
   5.6099999999999968        3.9333475033125501E-010
   5.7099999999999964        4.3761005594309564E-010
   5.8099999999999961        4.5398573893455192E-010
   5.9099999999999957        3.9869838082793634E-010
   6.0099999999999953        4.8169523315554365E-010
   6.1099999999999950        5.4237924397278705E-010
   6.2099999999999946        4.4396378555383432E-010
   6.3099999999999943        4.5183813400567506E-010
   6.4099999999999939        4.8681022984648106E-010
   6.5099999999999936        7.3942397342647887E-010
   6.6099999999999932        5.5643044475546466E-010
   6.7099999999999929        4.8159328277204521E-010
   6.8099999999999925        4.7226441105604906E-010
   6.9099999999999921        4.9037138541563137E-010
   7.0099999999999918        6.3066881504601487E-010
   7.1099999999999914        4.9473392903101854E-010
   7.2099999999999911        5.6147540379216660E-010
   7.3099999999999907        5.5384615435146149E-010
   7.4099999999999904        4.7384767413371521E-010
   7.5099999999999900        4.5023750251365585E-010
   7.6099999999999897        3.7515996347891683E-010
   7.7099999999999893        5.0557085502922587E-010
   7.8099999999999890        7.2716409333783271E-010
   7.9099999999999886        5.0295918817971151E-010
   8.0099999999999891        8.0650670877634993E-010
   8.1099999999999888        5.0068763306696769E-010
   8.2099999999999884        3.9122555298676523E-010
   8.3099999999999881        3.3804429358742678E-010
   8.4099999999999877        6.7576288286571260E-010
   8.5099999999999874        6.5764934690660259E-010
   8.6099999999999870        4.8486856912277014E-010
   8.7099999999999866        4.3487673314800722E-010
   8.8099999999999863        4.7681390717136292E-010
   8.9099999999999859        5.8735204491257389E-010
   9.0099999999999856        4.4557327197581533E-010
   9.1099999999999852        5.5629798627878437E-010
   9.2099999999999849        4.8249686346736495E-010
   9.3099999999999845        5.1608094531813326E-010
   9.4099999999999842        5.2484548696568973E-010
   9.5099999999999838        5.0336158024906099E-010
   9.6099999999999834        4.8982850306579614E-010
   9.7099999999999831        5.0900957850761560E-010
   9.8099999999999827        6.2268606654734225E-010
   9.9099999999999824        5.8968760042006001E-010
   10.009999999999982        4.1263936181835415E-010
   10.109999999999982        3.9691649269581557E-010
   10.209999999999981        3.5958493007667256E-010
   10.309999999999981        5.0763057065803137E-010
   10.409999999999981        4.7464203713085892E-010
   10.509999999999980        6.3820070825325623E-010
   10.609999999999980        5.2019440678614135E-010
   10.709999999999980        6.7852530332901245E-010
   10.809999999999979        4.9236457549765290E-010
   10.909999999999979        4.7966808625189961E-010
   11.009999999999978        4.2663523104706418E-010
   11.109999999999978        4.6450457318994080E-010
   11.209999999999978        4.5921455819891953E-010
   11.309999999999977        4.3094748340400475E-010
   11.409999999999977        7.4078892831368745E-010
   11.509999999999977        3.6432569510898572E-010
   11.609999999999976        4.8694075038144701E-010
   11.709999999999976        7.2711072566788135E-010
   11.809999999999976        3.6895499549376796E-010
   11.909999999999975        4.7611349133633567E-010
   12.009999999999975        3.1227353581777885E-010
   12.109999999999975        3.4597891842094600E-010
   12.209999999999974        5.6378504461917672E-010
   12.309999999999974        4.6379529832177947E-010
   12.409999999999973        5.1629191411157580E-010
   12.509999999999973        4.5773918472363276E-010
   12.609999999999973        3.2783792094003629E-010
   12.709999999999972        3.8177011203121364E-010
   12.809999999999972        2.7512824144183033E-010
   12.909999999999972        5.1439437004185260E-010
   13.009999999999971        5.7935928770110749E-010
   13.109999999999971        4.0728017417264167E-010
   13.209999999999971        4.9017319110819270E-010
   13.309999999999970        4.7905242411862599E-010
   13.409999999999970        4.9122267364215501E-010
   13.509999999999970        3.9023217608690558E-010
   13.609999999999969        2.8637785349608556E-010
   13.709999999999969        3.2374462970742359E-010
   13.809999999999969        3.7063289940711089E-010
   13.909999999999968        2.8914425212783461E-010
   14.009999999999968        3.6597212503301354E-010
   14.109999999999967        4.6071215211246038E-010
   14.209999999999967        3.1851977815023318E-010
   14.309999999999967        3.9041717626070154E-010
   14.409999999999966        2.5604062633886406E-010
   14.509999999999966        4.1998022948380970E-010
   14.609999999999966        4.8842420435095198E-010
   14.709999999999965        3.5629618306466704E-010
   14.809999999999965        3.3222508029181045E-010
   14.909999999999965        4.8209414046913535E-010
   15.009999999999964        2.9397888371400598E-010
   15.109999999999964        3.9423737045269185E-010
   15.209999999999964        4.5831255326168113E-010
   15.309999999999963        5.0426280234683841E-010
   15.409999999999963        4.0603233434435075E-010
   15.509999999999962        4.2593568989455883E-010
   15.609999999999962        3.1192389042299230E-010
   15.709999999999962        4.6386992638143308E-010
   15.809999999999961        6.0794909100574423E-010
   15.909999999999961        4.9638028531682343E-010
   16.009999999999962        2.8608687753639056E-010
   16.109999999999964        3.3339447270614777E-010
   16.209999999999965        4.9605289084421155E-010
   16.309999999999967        4.0761512755486786E-010
   16.409999999999968        3.8580203015311614E-010
   16.509999999999970        3.3269080817397326E-010
   16.609999999999971        3.4663430927093525E-010
   16.709999999999972        4.5500568253427688E-010
   16.809999999999974        2.6203337673350965E-010
   16.909999999999975        2.2188533016023112E-010
   17.009999999999977        4.0248273111278731E-010
   17.109999999999978        3.4921159482917490E-010
   17.209999999999980        5.2905283738226865E-010
   17.309999999999981        2.8221980504186464E-010
   17.409999999999982        2.5403177631390945E-010
   17.509999999999984        2.5046471977354764E-010
   17.609999999999985        5.6153652190054311E-010
   17.709999999999987        2.8006681182325357E-010
   17.809999999999988        4.2934382381478219E-010
   17.909999999999989        4.2036461314995562E-010
   18.009999999999991        3.0834487256145464E-010
   18.109999999999992        3.1839103023376435E-010
   18.209999999999994        5.8038728344554348E-010
   18.309999999999995        3.3192202985049106E-010
   18.409999999999997        2.6253459737874187E-010
   18.509999999999998        3.4041408884026371E-010
   18.609999999999999        4.1445655021379333E-010
   18.710000000000001        3.9901368716703684E-010
   18.810000000000002        3.4295159170246942E-010
   18.910000000000004        2.5984269281653556E-010
   19.010000000000005        4.3784269687055012E-010
   19.110000000000007        3.8505159494669700E-010
   19.210000000000008        3.4369675572615951E-010
   19.310000000000009        5.1704048657203431E-010
   19.410000000000011        2.9078962273939513E-010
   19.510000000000012        3.0767842371234922E-010
   19.610000000000014        2.4278962628527275E-010
   19.710000000000015        2.6157283220288790E-010
   19.810000000000016        3.0585580621919303E-010
   19.910000000000018        3.3725171905817573E-010
