  0.10000000000000001        4.4373425918681914E-030
  0.20000000000000001        2.2186712959340957E-030
  0.30000000000000004        1.4791141972893970E-030
  0.40000000000000002        1.1093356479670479E-030
  0.50000000000000000        8.8746851837363828E-031
  0.59999999999999998        7.3955709864469857E-031
  0.69999999999999996        6.3390608455259880E-031
  0.79999999999999993        7.1138591951156068E-012
  0.89999999999999991        3.3875629502192737E-011
  0.99999999999999989        3.0458626573933428E-010
   1.0999999999999999        9.3612948013834132E-010
   1.2000000000000000        3.8459022528455605E-009
   1.3000000000000000        1.6418852866094043E-008
   1.4000000000000001        4.0429405786053984E-008
   1.5000000000000002        1.6187494506724438E-007
   1.6000000000000003        2.5019140815469274E-007
   1.7000000000000004        1.0926378920588463E-006
   1.8000000000000005        2.1868432783461218E-006
   1.9000000000000006        3.6457289351849341E-006
   2.0000000000000004        1.4471339212743305E-005
   2.1000000000000005        3.3383371234080923E-002
   2.2000000000000006        4.4491175654059203E-002
   2.3000000000000007        8.2654544607609987E-002
   2.4000000000000008        7.5145866121280491E-002
   2.5000000000000009        4.2760123436197152E-002
   2.6000000000000010        3.2099793776137295E-002
   2.7000000000000011        1.8091555833183757E-002
   2.8000000000000012        9.0202176551831756E-003
   2.9000000000000012        5.3276761693411695E-003
   3.0000000000000013        4.6629072220242098E-003
   3.1000000000000014        3.0019999155639610E-003
   3.2000000000000015        1.7036539123517556E-003
   3.3000000000000016        1.6923407615918227E-003
   3.4000000000000017        1.2788787605364958E-003
   3.5000000000000018        1.0386214265747566E-003
   3.6000000000000019        8.9760211731619013E-004
   3.7000000000000020        7.4148702229722189E-004
   3.8000000000000020        5.7783723044812368E-004
   3.9000000000000021        4.1586316170042897E-004
   4.0000000000000018        4.7647198291593648E-004
   4.1000000000000014        3.9041238110708347E-004
   4.2000000000000011        3.3444599101850456E-004
   4.3000000000000007        3.5100410500555495E-004
   4.4000000000000004        3.0888674785563828E-004
   4.5000000000000000        2.4244099859265761E-004
   4.5999999999999996        2.1400601040176285E-004
   4.6999999999999993        2.4673094488066841E-004
   4.7999999999999989        1.9355214530219651E-004
   4.8999999999999986        1.6428726240739079E-004
   4.9999999999999982        1.5112152969195693E-004
   5.0999999999999979        1.9732962484707888E-004
   5.1999999999999975        1.4021370497024129E-004
   5.2999999999999972        1.3194148580619427E-004
   5.3999999999999968        1.1771124602973898E-004
   5.4999999999999964        1.3267643787119552E-004
   5.5999999999999961        8.8502262994571461E-005
   5.6999999999999957        9.6212069116210090E-005
   5.7999999999999954        9.4152102299807733E-005
   5.8999999999999950        1.0049454327615184E-004
   5.9999999999999947        1.0056160654569885E-004
   6.0999999999999943        8.4218366301711320E-005
   6.1999999999999940        7.2153964660511463E-005
   6.2999999999999936        7.2937918563474588E-005
   6.3999999999999932        6.8104547553510342E-005
   6.4999999999999929        6.7517159925492578E-005
   6.5999999999999925        6.7795149624170838E-005
   6.6999999999999922        5.6567094827228083E-005
   6.7999999999999918        7.0069307815273754E-005
   6.8999999999999915        5.5862397466891358E-005
   6.9999999999999911        6.2523544256228570E-005
   7.0999999999999908        4.8576115533252667E-005
   7.1999999999999904        6.0516332933808392E-005
   7.2999999999999901        5.3974762590241594E-005
   7.3999999999999897        4.8488448345945718E-005
   7.4999999999999893        5.4740035328213378E-005
   7.5999999999999890        3.9410359979843206E-005
   7.6999999999999886        4.4352996485596836E-005
   7.7999999999999883        4.5683000227923525E-005
   7.8999999999999879        4.8056669456012573E-005
   7.9999999999999876        4.5478388077363058E-005
   8.0999999999999872        4.7341992482138363E-005
   8.1999999999999869        4.0556634508070803E-005
   8.2999999999999865        3.8572011684993430E-005
   8.3999999999999861        3.0919691003428495E-005
   8.4999999999999858        4.2295122220313826E-005
   8.5999999999999854        3.7670452011388968E-005
   8.6999999999999851        4.3790909712966448E-005
   8.7999999999999847        3.5733848904727029E-005
   8.8999999999999844        3.3682163805628032E-005
   8.9999999999999840        2.8676316312739491E-005
   9.0999999999999837        3.2872938781604340E-005
   9.1999999999999833        3.4698438003315494E-005
   9.2999999999999829        2.8686578739096400E-005
   9.3999999999999826        3.4767109571074274E-005
   9.4999999999999822        2.4644144939115339E-005
   9.5999999999999819        3.5221256294010273E-005
   9.6999999999999815        2.7443012784768955E-005
   9.7999999999999812        2.9457586595635004E-005
   9.8999999999999808        2.9314276795613141E-005
   9.9999999999999805        2.5911129707789942E-005
