  0.10000000000000001        4.4373425918681914E-030
  0.20000000000000001        2.2186712959340957E-030
  0.30000000000000004        1.4791141972893970E-030
  0.40000000000000002        1.1093356479670479E-030
  0.50000000000000000        8.8746851837363828E-031
  0.59999999999999998        7.3955709864469857E-031
  0.69999999999999996        6.3390608455259880E-031
  0.79999999999999993        5.5466782398352401E-031
  0.89999999999999991        4.9303806576313247E-031
  0.99999999999999989        4.4373425918681923E-031
   1.0999999999999999        4.0339478107892657E-031
   1.2000000000000000        3.6977854932234928E-031
   1.3000000000000000        3.4133404552832239E-031
   1.4000000000000001        3.1695304227629935E-031
   1.5000000000000002        1.0645343953292090E-013
   1.6000000000000003        9.9800099562113342E-014
   1.7000000000000004        2.6102015246283474E-031
   1.8000000000000005        8.8711199610767415E-014
   1.9000000000000006        3.0154320821469493E-012
   2.0000000000000004        6.3638848772016564E-012
   2.1000000000000005        7.4674285685137689E-012
   2.2000000000000006        5.1300398612607135E-011
   2.3000000000000007        6.3744935018158375E-011
   2.4000000000000008        4.6376041662568027E-011
   2.5000000000000009        1.2790064741728288E-010
   2.6000000000000010        2.2135388460826965E-010
   2.7000000000000011        5.0401577338394900E-010
   2.8000000000000012        7.0658386291609495E-010
   2.9000000000000012        8.0349909191634230E-010
   3.0000000000000013        1.4963333333463477E-009
   3.1000000000000014        3.0076633394616294E-009
   3.2000000000000015        6.4696001760451333E-009
   3.3000000000000016        7.9604265898556821E-009
   3.4000000000000017        1.3245973456016378E-008
   3.5000000000000018        1.1092969180288991E-008
   3.6000000000000019        2.1902150400836605E-008
   3.7000000000000020        3.1142170524560096E-008
   3.8000000000000020        7.9376627561334048E-008
   3.9000000000000021        5.3526561359137194E-008
   4.0000000000000018        1.1238465073938685E-007
   4.1000000000000014        1.6322268325856408E-007
   4.2000000000000011        2.4402581071013632E-007
   4.3000000000000007        4.1817993525320714E-007
   4.4000000000000004        4.9510407308912352E-007
   4.5000000000000000        8.1959736017111083E-007
   4.5999999999999996        1.2705240622706908E-006
   4.6999999999999993        1.1986781007610653E-006
   4.7999999999999989        6.7736519371603676E-006
   4.8999999999999986        4.2060783754931869E-006
   4.9999999999999982        5.0002872041083660E-006
   5.0999999999999979        2.2623695052460632E-002
   5.1999999999999975        2.9052189429215192E-005
   5.2999999999999972        6.5611163743358762E-003
   5.3999999999999968        1.1852136298000685E-003
   5.4999999999999964        6.7548808275886052E-002
   5.5999999999999961        3.0387839335686128E-002
   5.6999999999999957        5.6352169337004640E-002
   5.7999999999999954        2.7583005003259727E-002
   5.8999999999999950        4.2146461855262128E-002
   5.9999999999999947        3.3888400736961422E-002
   6.0999999999999943        2.4983863121385758E-002
   6.1999999999999940        2.4722545269886813E-002
   6.2999999999999936        1.7914617193615645E-002
   6.3999999999999932        1.3164084716213980E-002
   6.4999999999999929        8.2506345061357025E-003
   6.5999999999999925        6.4806257373905569E-003
   6.6999999999999922        6.0161263651991766E-003
   6.7999999999999918        7.4439953188178811E-003
   6.8999999999999915        4.2926900821323010E-003
   6.9999999999999911        3.7992589180436730E-003
   7.0999999999999908        3.3969951209678081E-003
   7.1999999999999904        2.8472856889918737E-003
   7.2999999999999901        1.8614732944725011E-003
   7.3999999999999897        2.4505712731424756E-003
   7.4999999999999893        1.4328935784830802E-003
   7.5999999999999890        1.2158216725684156E-003
   7.6999999999999886        1.3558543842288710E-003
   7.7999999999999883        1.1247146126622206E-003
   7.8999999999999879        1.2072824239353053E-003
   7.9999999999999876        9.7374284525920420E-004
   8.0999999999999872        9.2565401865174317E-004
   8.1999999999999869        7.1091625798555167E-004
   8.2999999999999865        6.5462103943112328E-004
   8.3999999999999861        5.6510832517404224E-004
   8.4999999999999858        5.7456010316330516E-004
   8.5999999999999854        5.4920379304867020E-004
   8.6999999999999851        4.3853518689694040E-004
   8.7999999999999847        3.7560451311910117E-004
   8.8999999999999844        3.7536114406119125E-004
   8.9999999999999840        3.8161753254378560E-004
   9.0999999999999837        3.0701173642060250E-004
   9.1999999999999833        3.1583429806180091E-004
   9.2999999999999829        3.0045359815130291E-004
   9.3999999999999826        2.8382301878793003E-004
   9.4999999999999822        2.3774818880580907E-004
   9.5999999999999819        2.3379389187554536E-004
   9.6999999999999815        2.1603008598958739E-004
   9.7999999999999812        2.2075085379597804E-004
   9.8999999999999808        1.8149291370036285E-004
   9.9999999999999805        1.8971752779985121E-004
