  0.10000000000000001        4.4373425918681914E-030
  0.20000000000000001        2.2186712959340957E-030
  0.30000000000000004        1.4791141972893970E-030
  0.40000000000000002        1.1093356479670479E-030
  0.50000000000000000        8.8746851837363828E-031
  0.59999999999999998        7.3955709864469857E-031
  0.69999999999999996        6.3390608455259880E-031
  0.79999999999999993        5.5466782398352401E-031
  0.89999999999999991        4.9303806576313247E-031
  0.99999999999999989        4.4373425918681923E-031
   1.0999999999999999        4.0339478107892657E-031
   1.2000000000000000        6.4421867962582233E-012
   1.3000000000000000        5.9466339653021506E-012
   1.4000000000000001        5.2907229249340145E-011
   1.5000000000000002        1.2846587902918019E-010
   1.6000000000000003        5.0454029609119502E-010
   1.7000000000000004        6.3155115820794521E-010
   1.8000000000000005        3.7128125000429477E-009
   1.9000000000000006        5.8015705748824159E-009
   2.0000000000000004        1.3586838105824176E-008
   2.1000000000000005        2.0995520239020655E-008
   2.2000000000000006        4.5531574918706338E-008
   2.3000000000000007        6.3933919043399221E-008
   2.4000000000000008        2.3646061926443327E-007
   2.5000000000000009        3.7586476462066117E-007
   2.6000000000000010        9.5027691052925003E-007
   2.7000000000000011        1.4396915289212336E-006
   2.8000000000000012        3.2169528387476363E-006
   2.9000000000000012        4.6020554618819134E-006
   3.0000000000000013        1.2210152112004121E-005
   3.1000000000000014        2.0055113940145429E-005
   3.2000000000000015        1.9933112116271908E-002
   3.3000000000000016        8.0626703777729111E-004
   3.4000000000000017        2.0575180028017150E-003
   3.5000000000000018        6.4777509064624622E-002
   3.6000000000000019        5.5729106626784930E-002
   3.7000000000000020        3.3845483834539891E-002
   3.8000000000000020        2.2775711354160070E-002
   3.9000000000000021        1.7631294994952848E-002
   4.0000000000000018        1.1612465837262614E-002
   4.1000000000000014        8.0650298084789570E-003
   4.2000000000000011        6.4722064079493534E-003
   4.3000000000000007        5.0463833514223554E-003
   4.4000000000000004        3.6547145551018147E-003
   4.5000000000000000        2.4217013907968008E-003
   4.5999999999999996        1.6318817282003492E-003
   4.6999999999999993        1.8971167843196855E-003
   4.7999999999999989        1.5665967888806728E-003
   4.8999999999999986        1.2509764319342759E-003
   4.9999999999999982        1.2249344228737774E-003
   5.0999999999999979        9.5950662114384019E-004
   5.1999999999999975        7.3899804908799445E-004
   5.2999999999999972        7.2514990044831792E-004
   5.3999999999999968        5.7599040360548255E-004
   5.4999999999999964        5.0036824910227250E-004
   5.5999999999999961        4.3741277772243277E-004
   5.6999999999999957        4.4203672676502786E-004
   5.7999999999999954        3.4353958312196312E-004
   5.8999999999999950        4.0524408129111758E-004
   5.9999999999999947        2.9469592574377459E-004
   6.0999999999999943        2.7841107951972989E-004
   6.1999999999999940        2.4216437555201630E-004
   6.2999999999999936        2.4709081287358680E-004
   6.3999999999999932        2.3027329742400025E-004
   6.4999999999999929        2.1055578354023201E-004
   6.5999999999999925        2.0376074473333318E-004
   6.6999999999999922        1.6830557025014520E-004
   6.7999999999999918        1.6695119737391103E-004
   6.8999999999999915        1.2854912567675464E-004
   6.9999999999999911        1.6417006379473970E-004
   7.0999999999999908        1.2476410155054266E-004
   7.1999999999999904        1.3154563798978961E-004
   7.2999999999999901        1.1516596021159761E-004
   7.3999999999999897        1.1925264957190594E-004
   7.4999999999999893        1.1569886691976911E-004
   7.5999999999999890        1.1199158809514331E-004
   7.6999999999999886        8.9173420796753787E-005
   7.7999999999999883        1.0459537994650164E-004
   7.8999999999999879        8.9785261306116334E-005
   7.9999999999999876        9.1205950470012935E-005
   8.0999999999999872        9.5375312808951418E-005
   8.1999999999999869        8.9217337183897512E-005
   8.2999999999999865        8.3353291792804139E-005
   8.3999999999999861        6.6604518752431813E-005
   8.4999999999999858        7.3412752191247203E-005
   8.5999999999999854        6.1892348502032581E-005
   8.6999999999999851        6.3685925772263290E-005
   8.7999999999999847        6.6869611621287863E-005
   8.8999999999999844        5.8718543279322804E-005
   8.9999999999999840        5.4048357453377575E-005
   9.0999999999999837        5.1804309007236493E-005
   9.1999999999999833        5.6848702815370160E-005
   9.2999999999999829        5.1038865293382676E-005
   9.3999999999999826        5.7148976759041558E-005
   9.4999999999999822        4.5747720657460960E-005
   9.5999999999999819        4.7895887125753318E-005
   9.6999999999999815        4.3355309142132372E-005
   9.7999999999999812        4.8223586435807584E-005
   9.8999999999999808        4.0607538013277273E-005
   9.9999999999999805        4.1862664232712961E-005
