  0.10000000000000001        0.0000000000000000     
  0.59999999999999998        0.0000000000000000     
   1.1000000000000001        3.5220767400568078E-011
   1.6000000000000001        2.9732945502191859E-009
   2.1000000000000001        3.4092437921000194E-008
   2.6000000000000001        1.3260403378713655E-007
   3.1000000000000001        2.2648377542361252E-007
   3.6000000000000001        2.3661510201566519E-007
   4.0999999999999996        2.4376665305037718E-007
   4.5999999999999996        3.1556319352848952E-007
   5.0999999999999996        2.1359872032449782E-007
   5.5999999999999996        3.0828991817975700E-007
   6.0999999999999996        2.6650333222392526E-007
   6.5999999999999996        2.8167579665105389E-007
   7.0999999999999996        3.6154676537241479E-007
   7.5999999999999996        3.0678152361804068E-007
   8.0999999999999996        3.1674466839420644E-007
   8.5999999999999996        3.9460556995887346E-007
   9.0999999999999996        3.6398764010492587E-007
   9.5999999999999996        3.2910337522402255E-007
   10.100000000000000        2.5828372184207585E-007
   10.600000000000000        2.5298173172011455E-007
   11.100000000000000        3.0682637912585236E-007
   11.600000000000000        3.1830323352001546E-007
   12.100000000000000        2.2875239769120871E-007
   12.600000000000000        2.6619832143778060E-007
   13.100000000000000        2.9528592338682319E-007
   13.600000000000000        2.0085834297840157E-007
   14.100000000000000        2.5761300787227865E-007
   14.600000000000000        3.6720555824567725E-007
   15.100000000000000        2.7702475110867295E-007
   15.600000000000000        2.4379974628789007E-007
   16.100000000000001        2.2447928433756969E-007
   16.600000000000001        2.5677793371851610E-007
   17.100000000000001        1.8102773212370684E-007
   17.600000000000001        1.5001390241163983E-007
   18.100000000000001        1.4006954633702605E-007
   18.600000000000001        2.1947192438709685E-007
   19.100000000000001        2.2422986993152612E-007
   19.600000000000001        3.1015665490022567E-007
   20.100000000000001        3.3405799399275706E-007
   20.600000000000001        1.3494193405493444E-007
   21.100000000000001        2.9804177919284847E-007
   21.600000000000001        2.3344750275467394E-007
   22.100000000000001        2.0380754201385682E-007
   22.600000000000001        1.1367879934395183E-007
   23.100000000000001        1.5020940216233831E-007
   23.600000000000001        1.5747655393928068E-007
   24.100000000000001        1.7172699202829875E-007
   24.600000000000001        2.0583422770627607E-007
   25.100000000000001        1.2416526279706443E-007
   25.600000000000001        2.6412745829125182E-007
   26.100000000000001        1.5337899373352358E-007
   26.600000000000001        2.2615988939838204E-007
   27.100000000000001        2.3456291680895121E-007
   27.600000000000001        1.3752991816255161E-007
   28.100000000000001        1.8104424524627348E-007
   28.600000000000001        1.3225998674895288E-007
   29.100000000000001        1.2308990421113476E-007
   29.600000000000001        9.9332107570946327E-008
   30.100000000000001        1.2525254845652060E-007
   30.600000000000001        1.9873732143938380E-007
   31.100000000000001        1.8278218615933673E-007
   31.600000000000001        1.0425249727208146E-007
   32.100000000000001        2.1989758789424258E-007
   32.600000000000001        1.5062469798486617E-007
   33.100000000000001        2.2053135998598985E-007
   33.600000000000001        3.4858551673424788E-007
   34.100000000000001        1.2192993990777749E-007
   34.600000000000001        1.0843299135094188E-007
   35.100000000000001        7.6915970970730855E-008
   35.600000000000001        2.7974496466507857E-007
   36.100000000000001        8.2417690583938483E-008
   36.600000000000001        6.8762204592896292E-008
   37.100000000000001        8.1321000303727900E-008
   37.600000000000001        1.4965668491039376E-007
   38.100000000000001        1.0392912132875047E-007
   38.600000000000001        1.7940770743790977E-007
   39.100000000000001        1.3139031229325700E-007
   39.600000000000001        9.6111374237879555E-008
   40.100000000000001        1.3395725419300523E-007
   40.600000000000001        2.0463946322186799E-007
   41.100000000000001        1.4208713096796036E-007
   41.600000000000001        1.4837414603591727E-007
   42.100000000000001        8.6465373170380654E-008
   42.600000000000001        1.2119701182330704E-007
   43.100000000000001        1.5625625453597094E-007
   43.600000000000001        1.1920608829142754E-007
   44.100000000000001        8.7982113081528271E-008
   44.600000000000001        1.5551476202940870E-007
   45.100000000000001        1.4725706827847104E-007
   45.600000000000001        1.0646614018328397E-007
   46.100000000000001        1.1651343376312328E-007
   46.600000000000001        1.7260620234991743E-007
   47.100000000000001        1.8370565251593007E-007
   47.600000000000001        5.3136567069459037E-008
   48.100000000000001        1.1779045690241667E-007
   48.600000000000001        1.0031810621335762E-007
   49.100000000000001        1.3647082067019522E-007
   49.600000000000001        6.7741499180325805E-008
   50.100000000000001        7.1783093013972280E-008
   50.600000000000001        1.9494059243952767E-007
   51.100000000000001        1.1354084809364406E-007
   51.600000000000001        1.2069533880630540E-007
   52.100000000000001        4.9811673219760092E-008
   52.600000000000001        7.9395412137761402E-008
   53.100000000000001        1.3271559222984518E-007
   53.600000000000001        7.3300506082806441E-008
   54.100000000000001        1.3554209503697445E-007
   54.600000000000001        6.3050297950549814E-008
   55.100000000000001        1.0742325565581134E-007
   55.600000000000001        1.0003026147064526E-007
   56.100000000000001        5.3884048649844203E-008
   56.600000000000001        1.2439925857679003E-007
   57.100000000000001        5.5279945134326325E-008
   57.600000000000001        7.5067117971442666E-008
   58.100000000000001        6.4551051189687225E-008
   58.600000000000001        7.0579218393218009E-008
   59.100000000000001        7.3437481214132611E-008
   59.600000000000001        8.8680113909518750E-008
