  0.10000000000000001        4.4373425918681914E-030
  0.20000000000000001        2.2186712959340957E-030
  0.30000000000000004        1.4791141972893970E-030
  0.40000000000000002        1.1093356479670479E-030
  0.50000000000000000        8.8746851837363828E-031
  0.59999999999999998        7.3955709864469857E-031
  0.69999999999999996        6.3390608455259880E-031
  0.79999999999999993        5.5466782398352401E-031
  0.89999999999999991        4.9303806576313247E-031
  0.99999999999999989        4.4373425918681923E-031
   1.0999999999999999        4.0339478107892657E-031
   1.2000000000000000        3.6977854932234928E-031
   1.3000000000000000        1.2283089183700799E-013
   1.4000000000000001        4.5531611329897943E-013
   1.5000000000000002        1.0645343959207359E-013
   1.6000000000000003        2.4750624982101657E-012
   1.7000000000000004        2.0545941170725780E-011
   1.8000000000000005        1.6937814751096365E-011
   1.9000000000000006        7.2412376916875839E-011
   2.0000000000000004        2.6630627327031218E-010
   2.1000000000000005        3.0269767321355094E-010
   2.2000000000000006        5.2633273024226791E-010
   2.3000000000000007        8.5401171485011613E-010
   2.4000000000000008        1.3601986613959822E-009
   2.5000000000000009        3.1728444375407055E-009
   2.6000000000000010        1.2102992211790227E-008
   2.7000000000000011        8.5866068348416876E-009
   2.8000000000000012        1.9523903233153543E-008
   2.9000000000000012        3.2216648320314188E-008
   3.0000000000000013        4.4544704533763401E-008
   3.1000000000000014        1.0994272258096840E-007
   3.2000000000000015        1.6371740771280621E-007
   3.3000000000000016        2.1075655165587188E-007
   3.4000000000000017        2.6782463239059648E-007
   3.5000000000000018        1.1128735680238393E-006
   3.6000000000000019        1.1646653248057768E-006
   3.7000000000000020        1.2518242222925893E-006
   3.8000000000000020        2.4373475763730466E-006
   3.9000000000000021        6.2431294030776497E-006
   4.0000000000000018        1.5685362225588699E-005
   4.1000000000000014        5.0074982909145832E-003
   4.2000000000000011        5.6989650435686532E-005
   4.3000000000000007        6.6290040248453627E-002
   4.4000000000000004        7.6002087530439050E-002
   4.5000000000000000        8.6391369801309778E-002
   4.5999999999999996        5.0334694256687039E-002
   4.6999999999999993        5.2449564900107118E-002
   4.7999999999999989        4.4333347520917547E-002
   4.8999999999999986        3.4582556881041254E-002
   4.9999999999999982        2.2204186771968348E-002
   5.0999999999999979        1.9512069646644099E-002
   5.1999999999999975        1.4635551837178632E-002
   5.2999999999999972        9.1938307971509287E-003
   5.3999999999999968        7.3027278992182140E-003
   5.4999999999999964        6.6657898209992496E-003
   5.5999999999999961        3.9776590857254386E-003
   5.6999999999999957        3.9080190606736315E-003
   5.7999999999999954        3.0832138623241600E-003
   5.8999999999999950        2.6365768103909512E-003
   5.9999999999999947        2.2827534137032867E-003
   6.0999999999999943        1.4403885583950211E-003
   6.1999999999999940        1.5315506091602574E-003
   6.2999999999999936        1.2006244283170966E-003
   6.3999999999999932        1.0438308295273560E-003
   6.4999999999999929        1.1748905635203572E-003
   6.5999999999999925        8.7437193805107376E-004
   6.6999999999999922        8.2768275302831629E-004
   6.7999999999999918        5.3014079668996185E-004
   6.8999999999999915        5.1063774868858171E-004
   6.9999999999999911        5.3812635535749819E-004
   7.0999999999999908        5.0095987212980049E-004
   7.1999999999999904        4.5700720321410380E-004
   7.2999999999999901        4.0726052014487531E-004
   7.3999999999999897        3.6252034437514794E-004
   7.4999999999999893        3.4047384129548612E-004
   7.5999999999999890        3.1413686348907605E-004
   7.6999999999999886        2.8168760416404841E-004
   7.7999999999999883        2.7359657283067089E-004
   7.8999999999999879        2.4704017291484848E-004
   7.9999999999999876        2.5769183676839632E-004
   8.0999999999999872        2.0535388489779057E-004
   8.1999999999999869        2.1350857766359638E-004
   8.2999999999999865        1.7977330091482668E-004
   8.3999999999999861        1.8314170890530238E-004
   8.4999999999999858        1.7679521263308770E-004
   8.5999999999999854        1.8962667473706115E-004
   8.6999999999999851        1.5399365430489626E-004
   8.7999999999999847        1.3955960475431578E-004
   8.8999999999999844        1.3580172734786657E-004
   8.9999999999999840        1.5189838127302433E-004
   9.0999999999999837        1.2131797259731022E-004
   9.1999999999999833        9.5941795138765305E-005
   9.2999999999999829        8.7632207965376166E-005
   9.3999999999999826        1.1109466319067039E-004
   9.4999999999999822        9.3906941290116590E-005
   9.5999999999999819        9.9892445400000720E-005
   9.6999999999999815        9.5571623850533620E-005
   9.7999999999999812        9.3385864394564621E-005
   9.8999999999999808        9.0453817495552761E-005
   9.9999999999999805        7.7260425174099638E-005
