  0.10000000000000001        0.0000000000000000     
  0.30000000000000004        0.0000000000000000     
  0.50000000000000000        0.0000000000000000     
  0.69999999999999996        5.7142857142857164E-016
  0.89999999999999991        1.1024370009000016E-013
   1.0999999999999999        2.1699974455281667E-012
   1.2999999999999998        1.3199591904000626E-011
   1.4999999999999998        6.2010547246561008E-011
   1.6999999999999997        2.2086050498500048E-010
   1.8999999999999997        5.2071398390185738E-010
   2.0999999999999996        1.1554671433033191E-009
   2.2999999999999998        3.1727958496304347E-009
   2.5000000000000000        6.7945461274904012E-009
   2.7000000000000002        5.5107795505793099E-009
   2.9000000000000004        7.2444889476981298E-009
   3.1000000000000005        9.2490352176865032E-009
   3.3000000000000007        9.6172102999732260E-009
   3.5000000000000009        7.8242363326958228E-009
   3.7000000000000011        8.5541920751505531E-009
   3.9000000000000012        9.2203936879384500E-009
   4.1000000000000014        1.3570427698919956E-008
   4.3000000000000016        1.0301176240329289E-008
   4.5000000000000018        9.5757092244112273E-009
   4.7000000000000020        1.3325423191535389E-008
   4.9000000000000021        1.5052182495379589E-008
   5.1000000000000023        1.1205962718938655E-008
   5.3000000000000025        9.6719993064221098E-009
   5.5000000000000027        1.1466589955520736E-008
   5.7000000000000028        1.2819640125289816E-008
   5.9000000000000030        1.4463109156938309E-008
   6.1000000000000032        1.1670090855997024E-008
   6.3000000000000034        1.2453279345300155E-008
   6.5000000000000036        1.1676628906368925E-008
   6.7000000000000037        1.4059681239068934E-008
   6.9000000000000039        1.1777768271789960E-008
   7.1000000000000041        1.2083886041326275E-008
   7.3000000000000043        1.1930350604357539E-008
   7.5000000000000044        1.6353304928007436E-008
   7.7000000000000046        1.0828708132850802E-008
   7.9000000000000048        1.1823862468909932E-008
   8.1000000000000050        1.4102302791539818E-008
   8.3000000000000043        1.4286375872915751E-008
   8.5000000000000036        1.1389185186649722E-008
   8.7000000000000028        1.2613247587311375E-008
   8.9000000000000021        1.3170845494638101E-008
   9.1000000000000014        9.7296799245621016E-009
   9.3000000000000007        1.7989137207838993E-008
   9.5000000000000000        9.9561909314183442E-009
   9.6999999999999993        1.4863704577487565E-008
   9.8999999999999986        1.1831093266651808E-008
   10.099999999999998        1.4651609496718516E-008
   10.299999999999997        1.0650805443784943E-008
   10.499999999999996        1.4651369210935728E-008
   10.699999999999996        1.6276477746545024E-008
   10.899999999999995        1.2410044142906518E-008
   11.099999999999994        1.2562795877185498E-008
   11.299999999999994        1.2126452034633469E-008
   11.499999999999993        1.0117779153950351E-008
   11.699999999999992        1.1942022851483501E-008
   11.899999999999991        1.3627556423043381E-008
   12.099999999999991        1.1968992937587309E-008
   12.299999999999990        1.0287806405827767E-008
   12.499999999999989        7.2463905974941825E-009
   12.699999999999989        8.9963995870087148E-009
   12.899999999999988        1.0919752104198521E-008
   13.099999999999987        8.7220810599752891E-009
   13.299999999999986        8.7423848933818256E-009
   13.499999999999986        7.6845000924110680E-009
   13.699999999999985        1.7263160955227098E-008
   13.899999999999984        1.0542009065197930E-008
   14.099999999999984        7.3628079610384601E-009
   14.299999999999983        1.1767541719126103E-008
   14.499999999999982        9.1744015167446127E-009
   14.699999999999982        1.2425100936342061E-008
   14.899999999999981        1.0672558455800509E-008
   15.099999999999980        7.4414967926369326E-009
   15.299999999999979        1.0281421301218209E-008
   15.499999999999979        8.5418197989377943E-009
   15.699999999999978        9.5405239897662899E-009
   15.899999999999977        7.3280172593877522E-009
   16.099999999999977        1.2134539737986954E-008
   16.299999999999976        1.1781863771802065E-008
   16.499999999999975        1.4584786201135942E-008
   16.699999999999974        8.6065726575248281E-009
   16.899999999999974        7.2309228418855275E-009
   17.099999999999973        1.0928800396927786E-008
   17.299999999999972        4.9913572991483601E-009
   17.499999999999972        6.9132693276429263E-009
   17.699999999999971        6.0067828414064941E-009
   17.899999999999970        8.0337316781460916E-009
   18.099999999999969        7.4146406408840802E-009
   18.299999999999969        8.8307274100770953E-009
   18.499999999999968        1.3947152502647004E-008
   18.699999999999967        7.7628240247588888E-009
   18.899999999999967        7.7692674738731422E-009
   19.099999999999966        7.9208315774932406E-009
   19.299999999999965        1.1205225832464585E-008
   19.499999999999964        1.1063896403434005E-008
   19.699999999999964        7.1452914451019384E-009
   19.899999999999963        7.4148671809045782E-009
   20.099999999999962        1.1446967780552398E-008
   20.299999999999962        8.0931908050825977E-009
   20.499999999999961        9.8271579887209275E-009
   20.699999999999960        8.4060761479652742E-009
   20.899999999999959        1.0927217803827852E-008
   21.099999999999959        1.1377753597156499E-008
   21.299999999999958        1.0599100783655077E-008
   21.499999999999957        6.0144889637586842E-009
   21.699999999999957        5.5158387713572238E-009
   21.899999999999956        7.9452267630706114E-009
   22.099999999999955        9.4581636375272391E-009
   22.299999999999955        5.6438310559648754E-009
   22.499999999999954        1.2655314086518274E-008
   22.699999999999953        6.4846904167853181E-009
   22.899999999999952        6.3455649323319057E-009
   23.099999999999952        5.2912805761843710E-009
   23.299999999999951        6.1783227319509268E-009
   23.499999999999950        7.3610544953575470E-009
   23.699999999999950        5.2727928451602676E-009
   23.899999999999949        1.1725507227727045E-008
   24.099999999999948        6.4761877957475024E-009
   24.299999999999947        5.4957243312000598E-009
   24.499999999999947        7.9470025510204712E-009
   24.699999999999946        5.0383894227911902E-009
   24.899999999999945        7.5145362394057206E-009
   25.099999999999945        7.2318004017464346E-009
   25.299999999999944        6.6896587771916968E-009
   25.499999999999943        8.9769122714457783E-009
   25.699999999999942        7.4832164936509217E-009
   25.899999999999942        1.2632862096634221E-008
   26.099999999999941        5.6882669868844104E-009
   26.299999999999940        6.0143429821129689E-009
   26.499999999999940        1.0271288671933991E-008
   26.699999999999939        6.3475793896990759E-009
   26.899999999999938        7.6436376096549654E-009
   27.099999999999937        3.9506576911581425E-009
   27.299999999999937        6.7451514538387604E-009
   27.499999999999936        1.1070064976557726E-008
   27.699999999999935        9.4579576117012597E-009
   27.899999999999935        5.1802537589032292E-009
   28.099999999999934        5.3106933713408398E-009
   28.299999999999933        3.9324712360707398E-009
   28.499999999999932        8.3071319298369409E-009
   28.699999999999932        8.7841235446413469E-009
   28.899999999999931        7.0082134541117692E-009
   29.099999999999930        6.6457439132942796E-009
   29.299999999999930        5.8431352160354693E-009
   29.499999999999929        5.1042386983051249E-009
   29.699999999999928        6.6020234821999717E-009
   29.899999999999928        5.6541904760031348E-009
   30.099999999999927        7.9243239499732012E-009
   30.299999999999926        4.5359096916489088E-009
   30.499999999999925        4.3347811215025875E-009
   30.699999999999925        5.8554144870227049E-009
   30.899999999999924        5.0755395525705025E-009
   31.099999999999923        4.4108589935695098E-009
   31.299999999999923        5.3038657172035676E-009
   31.499999999999922        6.1388999215632121E-009
   31.699999999999921        9.2265008112701541E-009
   31.899999999999920        4.7881215759217976E-009
   32.099999999999923        5.6729665671851179E-009
   32.299999999999926        6.0093824111361545E-009
   32.499999999999929        5.6357090921482055E-009
   32.699999999999932        5.9989869373099059E-009
   32.899999999999935        5.3240475949457839E-009
   33.099999999999937        8.6806085724181632E-009
   33.299999999999940        4.4999544771465160E-009
   33.499999999999943        4.6713729068851642E-009
   33.699999999999946        6.3061753299061211E-009
   33.899999999999949        5.0868717684978636E-009
   34.099999999999952        8.4604949507589125E-009
   34.299999999999955        3.8128889018562298E-009
   34.499999999999957        5.1695689074322005E-009
   34.699999999999960        5.2842401345053636E-009
   34.899999999999963        7.7545842748601106E-009
   35.099999999999966        6.7068958529450467E-009
   35.299999999999969        6.5614851001134602E-009
   35.499999999999972        5.2139022285563996E-009
   35.699999999999974        2.4900565824895742E-009
   35.899999999999977        4.7806377436734161E-009
   36.099999999999980        5.6482686877633269E-009
   36.299999999999983        4.5352807745739221E-009
   36.499999999999986        2.5008903623935604E-009
   36.699999999999989        7.7781640058117524E-009
   36.899999999999991        6.4869406645198195E-009
   37.099999999999994        4.9184242344489393E-009
   37.299999999999997        4.0549862761394429E-009
   37.500000000000000        6.2250332087523147E-009
   37.700000000000003        3.7198510700779445E-009
   37.900000000000006        5.1768956357932810E-009
   38.100000000000009        6.1145604495937958E-009
   38.300000000000011        4.5075196601387350E-009
   38.500000000000014        4.1484317549103663E-009
   38.700000000000017        3.4791467492452797E-009
   38.900000000000020        7.6762787387148931E-009
   39.100000000000023        6.9192661120704183E-009
   39.300000000000026        5.0854185493711450E-009
   39.500000000000028        2.8242822017770668E-009
   39.700000000000031        5.3295947674801563E-009
   39.900000000000034        5.0038625767495533E-009
   40.100000000000037        8.9442023387391599E-009
   40.300000000000040        5.8975567561000445E-009
   40.500000000000043        2.3473928170096857E-009
   40.700000000000045        3.8875317959558224E-009
   40.900000000000048        2.5063267693400971E-009
   41.100000000000051        5.5334290694817918E-009
   41.300000000000054        4.0940719986078822E-009
   41.500000000000057        8.1558536508876931E-009
   41.700000000000060        3.6123782035420057E-009
   41.900000000000063        8.4326694189310464E-009
   42.100000000000065        7.3509072639554759E-009
   42.300000000000068        4.1680734432333705E-009
   42.500000000000071        1.8971200588235325E-009
   42.700000000000074        7.3773460268854320E-009
   42.900000000000077        4.4796076732009199E-009
   43.100000000000080        9.0104564989957639E-009
   43.300000000000082        7.3098055143326145E-009
   43.500000000000085        5.3610743448220807E-009
   43.700000000000088        4.6762906851929128E-009
   43.900000000000091        4.7783275423460151E-009
   44.100000000000094        1.0135253140956835E-008
   44.300000000000097        4.6487352112079126E-009
   44.500000000000099        2.8303151394236185E-009
   44.700000000000102        4.4244932932594496E-009
   44.900000000000105        3.5421025904695112E-009
   45.100000000000108        3.9133646303165769E-009
   45.300000000000111        3.6992878930168268E-009
   45.500000000000114        6.2556242747865540E-009
   45.700000000000117        5.1095338311484159E-009
   45.900000000000119        5.3892755873876741E-009
   46.100000000000122        4.1083423580873318E-009
   46.300000000000125        7.4551332790561268E-009
   46.500000000000128        4.9325348648214512E-009
   46.700000000000131        3.8055020815050352E-009
   46.900000000000134        3.1464876128196332E-009
   47.100000000000136        2.2466931385154984E-009
   47.300000000000139        2.4171648393234672E-009
   47.500000000000142        9.7059833403579575E-009
   47.700000000000145        4.9975312708392735E-009
   47.900000000000148        4.9094928537367639E-009
   48.100000000000151        4.6072553243177582E-009
   48.300000000000153        4.8284521040355128E-009
   48.500000000000156        5.2733361571644163E-009
   48.700000000000159        9.5594678277799113E-009
   48.900000000000162        4.5658701988826305E-009
   49.100000000000165        2.8833495628235174E-009
   49.300000000000168        3.0089874064242705E-009
   49.500000000000171        3.6010933867860241E-009
   49.700000000000173        4.5413371517936674E-009
   49.900000000000176        2.3381373478284870E-009
   50.100000000000179        5.7398787128335242E-009
   50.300000000000182        9.4786397015483392E-009
   50.500000000000185        2.7796476625724725E-009
   50.700000000000188        4.3794629163315647E-009
   50.900000000000190        2.8924487404008865E-009
   51.100000000000193        2.9678960390606473E-009
   51.300000000000196        1.8641173346819869E-009
   51.500000000000199        4.2357131794514731E-009
   51.700000000000202        2.1531959353391570E-009
   51.900000000000205        2.8271154189287200E-009
   52.100000000000207        2.5669701674968216E-009
   52.300000000000210        5.0872837453070733E-009
   52.500000000000213        7.3219905229176787E-009
   52.700000000000216        6.6076787681338493E-009
   52.900000000000219        8.4429062988237804E-009
   53.100000000000222        7.5252612027400260E-009
   53.300000000000225        3.1740692227229936E-009
   53.500000000000227        2.5320937293292855E-009
   53.700000000000230        2.5972652081114317E-009
   53.900000000000233        3.7669547385152204E-009
   54.100000000000236        8.2651093587508570E-009
   54.300000000000239        5.0253009112149564E-009
   54.500000000000242        9.8528647952131096E-009
   54.700000000000244        3.2988396801959744E-009
   54.900000000000247        1.7340374112580966E-009
   55.100000000000250        5.3829603283203033E-009
   55.300000000000253        2.7106795845164903E-009
   55.500000000000256        4.4983793088923282E-009
   55.700000000000259        3.9046941972516893E-009
   55.900000000000261        4.8095155469577298E-009
   56.100000000000264        3.2986276627935338E-009
   56.300000000000267        4.6934089124537309E-009
   56.500000000000270        3.4902825387446097E-009
   56.700000000000273        3.0086918161547836E-009
   56.900000000000276        3.7272168232436144E-009
   57.100000000000279        4.9619480734647259E-009
   57.300000000000281        2.7806752188487066E-009
   57.500000000000284        4.4177436140842442E-009
   57.700000000000287        4.2795393898482503E-009
   57.900000000000290        2.5145390644496128E-009
   58.100000000000293        3.0833072770091801E-009
   58.300000000000296        3.5605554198629459E-009
   58.500000000000298        2.9100459921791552E-009
   58.700000000000301        1.8662665459265641E-009
   58.900000000000304        2.8786845453881298E-009
   59.100000000000307        4.1896905439044271E-009
   59.300000000000310        4.0019497532472321E-009
   59.500000000000313        4.6482387254374893E-009
   59.700000000000315        2.5506063461791049E-009
   59.900000000000318        2.9740782056970063E-009
