  0.10000000000000001        4.4373425918681914E-030
  0.20000000000000001        2.2186712959340957E-030
  0.30000000000000004        1.4791141972893970E-030
  0.40000000000000002        1.9326560391861533E-011
  0.50000000000000000        1.1060421378711726E-009
  0.59999999999999998        9.0824190935508229E-009
  0.69999999999999996        6.3701783556239076E-008
  0.79999999999999993        1.0087738345472679E-006
  0.89999999999999991        5.1020810885042377E-006
  0.99999999999999989        7.8726288812290183E-005
   1.0999999999999999        6.6389141674774332E-002
   1.2000000000000000       0.15757277831333327     
   1.3000000000000000        5.2308071582294266E-002
   1.4000000000000001        1.6324388681442620E-002
   1.5000000000000002        9.4307836230921871E-003
   1.6000000000000003        4.4582955947671905E-003
   1.7000000000000004        2.4473367356314976E-003
   1.8000000000000005        1.6965212962275465E-003
   1.9000000000000006        1.0176387934543384E-003
   2.0000000000000004        1.0911294678557124E-003
   2.1000000000000005        8.1326310725452888E-004
   2.2000000000000006        5.9620917952228061E-004
   2.3000000000000007        5.2171507625015166E-004
   2.4000000000000008        4.5930168226739499E-004
   2.5000000000000009        3.2849529189852802E-004
   2.6000000000000010        2.6670163680865485E-004
   2.7000000000000011        1.8421626451613072E-004
   2.8000000000000012        2.2133533512599382E-004
   2.9000000000000012        1.8160483184688988E-004
   3.0000000000000013        1.9484001886033999E-004
   3.1000000000000014        2.0430310830245289E-004
   3.2000000000000015        1.3892352500088009E-004
   3.3000000000000016        1.2454310369963023E-004
   3.4000000000000017        1.4261144713444927E-004
   3.5000000000000018        1.2145765015726002E-004
   3.6000000000000019        8.6969297183061214E-005
   3.7000000000000020        9.7308235040975138E-005
   3.8000000000000020        1.0360145238949942E-004
   3.9000000000000021        8.6620419466870209E-005
   4.0000000000000018        7.0187613266902468E-005
   4.1000000000000014        8.3880030111609390E-005
   4.2000000000000011        8.2417789835849441E-005
   4.3000000000000007        7.0942752162030223E-005
   4.4000000000000004        5.9030385128301912E-005
   4.5000000000000000        7.0167332869688608E-005
   4.5999999999999996        5.5641044034781767E-005
   4.6999999999999993        6.3294035882855519E-005
   4.7999999999999989        5.4546544738026431E-005
   4.8999999999999986        5.7412954838399366E-005
   4.9999999999999982        5.6003677812499269E-005
   5.0999999999999979        4.0487839058890930E-005
   5.1999999999999975        5.3279623253759416E-005
   5.2999999999999972        3.9978672514182827E-005
   5.3999999999999968        5.4749914300927971E-005
   5.4999999999999964        4.7338625631108450E-005
   5.5999999999999961        5.9422978826475353E-005
   5.6999999999999957        4.3705563734753813E-005
   5.7999999999999954        3.8093467403376246E-005
   5.8999999999999950        5.5461080039892577E-005
   5.9999999999999947        4.3572783881202491E-005
   6.0999999999999943        4.6045938278808900E-005
   6.1999999999999940        3.7733554440257417E-005
   6.2999999999999936        4.8675396795137347E-005
   6.3999999999999932        4.1948592311737498E-005
   6.4999999999999929        3.3911975144736709E-005
   6.5999999999999925        3.9272650004020185E-005
   6.6999999999999922        3.0820439699104031E-005
   6.7999999999999918        5.3445944186777748E-005
   6.8999999999999915        3.1573015891084331E-005
   6.9999999999999911        4.1246817737156673E-005
   7.0999999999999908        4.1466944050137948E-005
   7.1999999999999904        3.4521408799999674E-005
   7.2999999999999901        3.3539427676748994E-005
   7.3999999999999897        3.3406749889379682E-005
   7.4999999999999893        3.6030055095997276E-005
   7.5999999999999890        3.1030032523073128E-005
   7.6999999999999886        3.3720933232396643E-005
   7.7999999999999883        3.9309700395575453E-005
   7.8999999999999879        3.0671088769821997E-005
   7.9999999999999876        2.4115833283782055E-005
   8.0999999999999872        4.2515551416173344E-005
   8.1999999999999869        3.2807153990045188E-005
   8.2999999999999865        2.0663782682972174E-005
   8.3999999999999861        4.0569425977421818E-005
   8.4999999999999858        2.6256309761202620E-005
   8.5999999999999854        2.4778653351388069E-005
   8.6999999999999851        2.7060149324148802E-005
   8.7999999999999847        2.1699760884374638E-005
   8.8999999999999844        1.9474578019022762E-005
   8.9999999999999840        2.7779809048302751E-005
   9.0999999999999837        2.3514981319050690E-005
   9.1999999999999833        2.2033583587836327E-005
   9.2999999999999829        2.3806688018074945E-005
   9.3999999999999826        2.8793962762679554E-005
   9.4999999999999822        3.4407700116867798E-005
   9.5999999999999819        1.5970918580740004E-005
   9.6999999999999815        2.9770286873445373E-005
   9.7999999999999812        2.4620336294865885E-005
   9.8999999999999808        3.0068913216532523E-005
   9.9999999999999805        2.4066801206726150E-005
