  0.10000000000000001        0.0000000000000000     
  0.20000000000000001        0.0000000000000000     
  0.30000000000000004        0.0000000000000000     
  0.40000000000000002        0.0000000000000000     
  0.50000000000000000        0.0000000000000000     
  0.59999999999999998        0.0000000000000000     
  0.69999999999999996        1.4257157142857145E-014
  0.79999999999999993        4.1295787578125035E-013
  0.89999999999999991        2.1777777777777759E-012
  0.99999999999999989        1.0824100000000056E-011
   1.0999999999999999        2.9752060546022679E-011
   1.2000000000000000        1.4171817716718903E-010
   1.3000000000000000        3.6890044677692799E-010
   1.4000000000000001        9.0651756700045659E-010
   1.5000000000000002        1.9656527600066927E-009
   1.6000000000000003        2.9237922081000373E-009
   1.7000000000000004        5.1119627193533730E-009
   1.8000000000000005        8.3971298432001054E-009
   1.9000000000000006        1.5495588488084187E-008
   2.0000000000000004        2.3677007087775059E-008
   2.1000000000000005        2.5702800664004537E-008
   2.2000000000000006        5.0429152273500728E-008
   2.3000000000000007        7.5785289782613699E-008
   2.4000000000000008        1.0240913287825069E-007
   2.5000000000000009        1.0228772667386076E-007
   2.6000000000000010        1.5872111589420919E-007
   2.7000000000000011        1.3724064723985106E-007
   2.8000000000000012        2.1178718163205372E-007
   2.9000000000000012        2.0316030849451436E-007
   3.0000000000000013        2.2040425328999995E-007
   3.1000000000000014        1.9246932332366112E-007
   3.2000000000000015        2.2680494445587182E-007
   3.3000000000000016        2.8990148943204257E-007
   3.4000000000000017        2.4116915239375923E-007
   3.5000000000000018        2.5705107450579516E-007
   3.6000000000000019        2.1999297026559682E-007
   3.7000000000000020        2.5591998742756549E-007
   3.8000000000000020        2.9612511160525983E-007
   3.9000000000000021        3.0960767921484088E-007
   4.0000000000000018        2.2582411641119759E-007
   4.1000000000000014        2.9929378628201030E-007
   4.2000000000000011        3.3174720428720019E-007
   4.3000000000000007        2.3666531286223920E-007
   4.4000000000000004        3.2544604696203604E-007
   4.5000000000000000        3.7970544896571159E-007
   4.5999999999999996        2.9480582003782453E-007
   4.6999999999999993        2.8879289146828744E-007
   4.7999999999999989        2.8980707018168696E-007
   4.8999999999999986        2.8916958772873524E-007
   4.9999999999999982        4.3334331658488160E-007
   5.0999999999999979        3.0705430041176471E-007
   5.1999999999999975        2.4446887570949922E-007
   5.2999999999999972        3.2132108888287022E-007
   5.3999999999999968        3.4536120116622315E-007
   5.4999999999999964        3.1042720745542086E-007
   5.5999999999999961        2.9981700962860448E-007
   5.6999999999999957        3.5568021551000066E-007
   5.7999999999999954        2.3268930124101664E-007
   5.8999999999999950        2.8531523647135011E-007
   5.9999999999999947        3.6031853071120364E-007
   6.0999999999999943        3.5484374481180574E-007
   6.1999999999999940        4.0462493343486638E-007
   6.2999999999999936        2.5687284109845311E-007
   6.3999999999999932        3.5942453266502621E-007
   6.4999999999999929        4.0270770560307827E-007
   6.5999999999999925        3.4318276708920730E-007
   6.6999999999999922        3.2178785064030085E-007
   6.7999999999999918        3.2458607918647122E-007
   6.8999999999999915        3.9954901848182774E-007
   6.9999999999999911        3.6758982707232383E-007
   7.0999999999999908        2.9221824891279145E-007
   7.1999999999999904        3.4726995225781359E-007
   7.2999999999999901        3.0026161453075428E-007
   7.3999999999999897        4.0865442506841290E-007
   7.4999999999999893        4.1752318738798325E-007
   7.5999999999999890        2.9963911244875891E-007
   7.6999999999999886        3.1647988735855312E-007
   7.7999999999999883        3.2780611109415591E-007
   7.8999999999999879        1.7838043801520947E-007
   7.9999999999999876        2.3539748051250093E-007
   8.0999999999999872        3.3018524100000113E-007
   8.1999999999999869        2.7220282815644016E-007
   8.2999999999999865        3.7960918826712790E-007
   8.3999999999999861        3.0780871048632157E-007
   8.4999999999999858        3.3224457712943251E-007
   8.5999999999999854        3.0529432626404984E-007
   8.6999999999999851        3.6608274165881058E-007
   8.7999999999999847        3.0457036294389383E-007
   8.8999999999999844        2.5056151173817568E-007
   8.9999999999999840        2.6920390431186930E-007
   9.0999999999999837        2.8889200067263484E-007
   9.1999999999999833        2.7419841489198326E-007
   9.2999999999999829        2.9604230566250200E-007
   9.3999999999999826        2.5623767664960091E-007
   9.4999999999999822        3.5292039329368745E-007
   9.5999999999999819        3.9404480349062711E-007
   9.6999999999999815        2.5389575280992206E-007
   9.7999999999999812        3.1183931386028892E-007
   9.8999999999999808        4.0177851793094110E-007
   9.9999999999999805        3.7967378870579331E-007
   10.099999999999980        2.7324962894826431E-007
   10.199999999999980        3.0508290088213469E-007
   10.299999999999979        3.8437827263276197E-007
   10.399999999999979        2.4700374003442828E-007
   10.499999999999979        2.7663431476961704E-007
   10.599999999999978        1.5924757714641639E-007
   10.699999999999978        2.9286783558625404E-007
   10.799999999999978        3.2536244114734012E-007
   10.899999999999977        2.9816591074725735E-007
   10.999999999999977        2.9869024677237962E-007
   11.099999999999977        2.3672321692043519E-007
   11.199999999999976        2.2187671656532675E-007
   11.299999999999976        3.1784710322248927E-007
   11.399999999999975        3.7792510261503318E-007
   11.499999999999975        2.4088058677683174E-007
   11.599999999999975        3.9141509259342803E-007
   11.699999999999974        2.7887762132899354E-007
   11.799999999999974        3.0507783292322324E-007
   11.899999999999974        3.4275483565715758E-007
   11.999999999999973        3.0310836375117747E-007
   12.099999999999973        2.4635864418653454E-007
   12.199999999999973        3.0009511527646103E-007
   12.299999999999972        2.5742535679594075E-007
   12.399999999999972        1.8887959217997283E-007
   12.499999999999972        2.1751100932638096E-007
   12.599999999999971        2.6342533282882622E-007
   12.699999999999971        4.0485323356769721E-007
   12.799999999999971        2.7898585213362127E-007
   12.899999999999970        2.9260073296581526E-007
   12.999999999999970        3.0926748003601688E-007
   13.099999999999969        3.1245485357338752E-007
   13.199999999999969        2.0695043742427368E-007
   13.299999999999969        3.7038240847184400E-007
   13.399999999999968        3.5175112312407292E-007
   13.499999999999968        2.6162082629137188E-007
   13.599999999999968        2.7112859743076709E-007
   13.699999999999967        2.9951064989236354E-007
   13.799999999999967        2.0644190587178369E-007
   13.899999999999967        2.5627589729889072E-007
   13.999999999999966        2.9158539089065407E-007
   14.099999999999966        3.1422720489503843E-007
   14.199999999999966        4.0808875110581455E-007
   14.299999999999965        2.9585632597075419E-007
   14.399999999999965        3.0400174562543568E-007
   14.499999999999964        3.1283886040651359E-007
   14.599999999999964        2.2252171166138789E-007
   14.699999999999964        2.1394755430325675E-007
   14.799999999999963        2.8304685535515447E-007
   14.899999999999963        2.8127274263383753E-007
   14.999999999999963        2.3766637492694612E-007
   15.099999999999962        2.4749156716975109E-007
   15.199999999999962        4.3509032378778915E-007
   15.299999999999962        3.2478785440978875E-007
   15.399999999999961        2.7274136494400257E-007
   15.499999999999961        3.0865585814561065E-007
   15.599999999999961        2.2038816168271928E-007
   15.699999999999960        3.2421151413988426E-007
   15.799999999999960        2.3776316481645799E-007
   15.899999999999959        3.8992453353000373E-007
   15.999999999999959        2.5453213111365238E-007
   16.099999999999959        2.1588116347828690E-007
   16.199999999999960        2.2777367594777870E-007
   16.299999999999962        2.0004182141809051E-007
   16.399999999999963        3.0525110147239873E-007
   16.499999999999964        2.6332341425542109E-007
   16.599999999999966        2.1472644822326984E-007
   16.699999999999967        1.8260847348056291E-007
   16.799999999999969        2.5746435962190738E-007
   16.899999999999970        2.1351180288185625E-007
   16.999999999999972        1.8560963598862645E-007
   17.099999999999973        2.5668473578031991E-007
   17.199999999999974        1.8499665348837369E-007
   17.299999999999976        1.7728168972611428E-007
   17.399999999999977        2.7599720173487816E-007
   17.499999999999979        2.2791347417145279E-007
   17.599999999999980        1.7327987209050959E-007
   17.699999999999982        2.1442733975637973E-007
   17.799999999999983        2.7291883773736812E-007
   17.899999999999984        1.9722017654307157E-007
   17.999999999999986        2.2308214139904577E-007
   18.099999999999987        1.7928726602128225E-007
   18.199999999999989        3.1945034259164022E-007
   18.299999999999990        1.9746125398243486E-007
   18.399999999999991        2.2783680881561795E-007
   18.499999999999993        3.3925932320288113E-007
   18.599999999999994        3.2100279862863600E-007
   18.699999999999996        1.9699509944699317E-007
   18.799999999999997        3.8441691898340122E-007
   18.899999999999999        2.6786175597224213E-007
   19.000000000000000        2.5449353391530534E-007
   19.100000000000001        1.9901026856544550E-007
   19.200000000000003        2.0609769675000027E-007
   19.300000000000004        1.5108699258783677E-007
   19.400000000000006        2.4319626543846588E-007
   19.500000000000007        1.7443627741896363E-007
   19.600000000000009        1.5199948116261977E-007
   19.700000000000010        2.3216676340252684E-007
   19.800000000000011        2.2318543006613683E-007
   19.900000000000013        2.6964234630182104E-007
   20.000000000000014        2.0037136723215963E-007
   20.100000000000016        1.6983343263534423E-007
   20.200000000000017        1.9369155693398754E-007
   20.300000000000018        2.1886148691946751E-007
   20.400000000000020        2.5579813126788184E-007
   20.500000000000021        2.9035142828342855E-007
   20.600000000000023        3.3004098991627969E-007
   20.700000000000024        3.6561570788497966E-007
   20.800000000000026        1.8638277121696593E-007
   20.900000000000027        1.6602683625098568E-007
   21.000000000000028        1.5607413571075068E-007
   21.100000000000030        1.7454223143959103E-007
   21.200000000000031        2.6482316633816791E-007
   21.300000000000033        1.7093350594809937E-007
   21.400000000000034        2.1363890745087522E-007
   21.500000000000036        1.9088395424294638E-007
   21.600000000000037        2.1290318016666477E-007
   21.700000000000038        1.7077222787703482E-007
   21.800000000000040        2.7282956285120240E-007
   21.900000000000041        2.6193184902867614E-007
   22.000000000000043        2.1770835405971134E-007
   22.100000000000044        1.9823795561015457E-007
   22.200000000000045        2.1901247422921765E-007
   22.300000000000047        2.0211233705298830E-007
   22.400000000000048        1.5725298328200755E-007
   22.500000000000050        2.3556978081589782E-007
   22.600000000000051        2.6111139742949316E-007
   22.700000000000053        2.4359159494819323E-007
   22.800000000000054        1.2015989737527391E-007
   22.900000000000055        2.6174558809062761E-007
   23.000000000000057        2.2759272705336287E-007
   23.100000000000058        2.7606544071024018E-007
   23.200000000000060        2.0327634347915553E-007
   23.300000000000061        2.2938263014754291E-007
   23.400000000000063        2.3251974341622205E-007
   23.500000000000064        1.4417559247425365E-007
   23.600000000000065        1.5042422888797731E-007
   23.700000000000067        3.5781131825960333E-007
   23.800000000000068        1.4533333256813534E-007
   23.900000000000070        1.6222381339884637E-007
   24.000000000000071        1.7582989529692570E-007
   24.100000000000072        1.3728163224517854E-007
   24.200000000000074        2.7953164152018060E-007
   24.300000000000075        2.0561337604661581E-007
   24.400000000000077        1.6549425023187455E-007
   24.500000000000078        3.8625143252300511E-007
   24.600000000000080        1.6494136087508554E-007
   24.700000000000081        2.2715113761158777E-007
   24.800000000000082        2.0172017617220475E-007
   24.900000000000084        1.9227643156651535E-007
   25.000000000000085        1.7686700848580296E-007
   25.100000000000087        1.9272779208542329E-007
   25.200000000000088        1.5723335097450271E-007
   25.300000000000090        1.6384207037574046E-007
   25.400000000000091        1.9159224642529721E-007
   25.500000000000092        1.5285756832719999E-007
   25.600000000000094        2.0050991439820863E-007
   25.700000000000095        1.1222180054642810E-007
   25.800000000000097        1.6131757059275039E-007
   25.900000000000098        1.7348302041507220E-007
   26.000000000000099        2.1716822938846139E-007
   26.100000000000101        1.8088091725073304E-007
   26.200000000000102        2.6880342225804371E-007
   26.300000000000104        1.4863937051471223E-007
   26.400000000000105        1.7604376715795612E-007
   26.500000000000107        1.4165563691293019E-007
   26.600000000000108        1.7004964923907798E-007
   26.700000000000109        1.9487202802497606E-007
   26.800000000000111        2.5475172474420530E-007
   26.900000000000112        1.2619363334100225E-007
   27.000000000000114        1.5839721539237464E-007
   27.100000000000115        2.4882571622234817E-007
   27.200000000000117        1.3604869999894518E-007
   27.300000000000118        1.0909185128580743E-007
   27.400000000000119        1.9637445345415102E-007
   27.500000000000121        3.5640502988345538E-007
   27.600000000000122        1.6520444360352786E-007
   27.700000000000124        1.9513197924840287E-007
   27.800000000000125        1.3589079314166978E-007
   27.900000000000126        2.1739581817231585E-007
   28.000000000000128        1.2997765114169154E-007
   28.100000000000129        1.6574324737102118E-007
   28.200000000000131        1.5889643226656029E-007
   28.300000000000132        1.9841940227578744E-007
   28.400000000000134        1.4950227655141395E-007
   28.500000000000135        1.7663785685072776E-007
   28.600000000000136        2.9059027201398202E-007
   28.700000000000138        2.8776699175225343E-007
   28.800000000000139        1.4672272896244815E-007
   28.900000000000141        1.3834901673102257E-007
   29.000000000000142        1.9968597630193805E-007
   29.100000000000144        1.6320491621388712E-007
   29.200000000000145        2.0450829446597871E-007
   29.300000000000146        2.0196796415850199E-007
   29.400000000000148        1.0234703752763468E-007
   29.500000000000149        1.1821411436440172E-007
   29.600000000000151        5.9015860761000591E-008
   29.700000000000152        6.2421795558922127E-008
   29.800000000000153        1.7071983954148956E-007
   29.900000000000155        1.6282169021812857E-007
   30.000000000000156        1.5215691517032455E-007
   30.100000000000158        1.2974105898340149E-007
   30.200000000000159        8.0230421527395988E-008
   30.300000000000161        2.0949613815442396E-007
   30.400000000000162        1.4188137070683609E-007
   30.500000000000163        2.6668926232890166E-007
   30.600000000000165        1.7308257436458210E-007
   30.700000000000166        2.6574277867366766E-007
   30.800000000000168        1.3631064306057118E-007
   30.900000000000169        1.1792404578532077E-007
   31.000000000000171        1.9702798026128967E-007
   31.100000000000172        1.0509318052138980E-007
   31.200000000000173        1.9537140041395305E-007
   31.300000000000175        9.5445227155878806E-008
   31.400000000000176        2.5264381292652638E-007
   31.500000000000178        1.2899530079609019E-007
   31.600000000000179        2.0904116163815793E-007
   31.700000000000180        4.0232877282138153E-007
   31.800000000000182        1.4102323361777808E-007
   31.900000000000183        1.5509368940075200E-007
   32.000000000000185        1.1325182391347550E-007
   32.100000000000186        1.2095233187181487E-007
   32.200000000000188        1.3203661926164146E-007
   32.300000000000189        1.3920130261931040E-007
   32.400000000000190        2.0123156259567710E-007
   32.500000000000192        2.3743604929383075E-007
   32.600000000000193        1.0574013298218162E-007
   32.700000000000195        1.2066668054847735E-007
   32.800000000000196        1.9759822403487998E-007
   32.900000000000198        1.3724327050058115E-007
   33.000000000000199        1.3665502425840422E-007
   33.100000000000200        2.4595580047895274E-007
   33.200000000000202        1.4066943595650975E-007
   33.300000000000203        1.6647334577850827E-007
   33.400000000000205        1.1677983123638564E-007
   33.500000000000206        1.0351652670166547E-007
   33.600000000000207        2.1168111970145994E-007
   33.700000000000209        8.6839558499707392E-008
   33.800000000000210        1.7430294456177391E-007
   33.900000000000212        1.7333296090563140E-007
   34.000000000000213        1.9243072300809640E-007
   34.100000000000215        1.4864492496407369E-007
   34.200000000000216        1.6473710883993653E-007
   34.300000000000217        1.3791681024999587E-007
   34.400000000000219        1.6368318004412710E-007
   34.500000000000220        1.8211139227825964E-007
   34.600000000000222        1.1390492082277028E-007
   34.700000000000223        1.3337776055315216E-007
   34.800000000000225        1.7632566893758204E-007
   34.900000000000226        1.7747773644520943E-007
   35.000000000000227        1.5181678056079485E-007
   35.100000000000229        7.3123413374791871E-008
   35.200000000000230        1.5886215496202883E-007
   35.300000000000232        2.4635387953387102E-007
   35.400000000000233        1.6322957725954756E-007
   35.500000000000234        9.6621970204401385E-008
   35.600000000000236        1.6641585838200568E-007
   35.700000000000237        1.2223282029999992E-007
   35.800000000000239        1.4735933907475767E-007
   35.900000000000240        1.5269715994329022E-007
   36.000000000000242        9.7420975211110347E-008
   36.100000000000243        1.4468492620423169E-007
   36.200000000000244        1.0320605018013835E-007
   36.300000000000246        1.3995079492540822E-007
   36.400000000000247        1.5289754526562383E-007
   36.500000000000249        1.1563815452995554E-007
   36.600000000000250        9.4023764251439467E-008
   36.700000000000252        1.5945929068590803E-007
   36.800000000000253        1.1874399046963355E-007
   36.900000000000254        1.1289098444988651E-007
   37.000000000000256        8.5832946404099488E-008
   37.100000000000257        7.1140620943564435E-008
   37.200000000000259        1.5131140444985780E-007
   37.300000000000260        1.2744167687836035E-007
   37.400000000000261        1.2694714177807360E-007
   37.500000000000263        1.4892190361262545E-007
   37.600000000000264        1.2423172807451724E-007
   37.700000000000266        2.3673669142076261E-007
   37.800000000000267        1.9174514683948938E-007
   37.900000000000269        1.2808778163748764E-007
   38.000000000000270        7.2417164424975665E-008
   38.100000000000271        1.5827824403297025E-007
   38.200000000000273        1.5940171151506062E-007
   38.300000000000274        2.0841964792852689E-007
   38.400000000000276        1.6828702000260248E-007
   38.500000000000277        1.1419368594000837E-007
   38.600000000000279        1.6621833423695358E-007
   38.700000000000280        1.8844209022228640E-007
   38.800000000000281        1.2164063788722673E-007
   38.900000000000283        7.9865254691002334E-008
   39.000000000000284        1.2637148208694792E-007
   39.100000000000286        9.4688858461739215E-008
   39.200000000000287        8.8408977293663216E-008
   39.300000000000288        1.0837827504353719E-007
   39.400000000000290        1.0449118263340713E-007
   39.500000000000291        1.7145005187665511E-007
   39.600000000000293        1.4172290943801219E-007
   39.700000000000294        7.4727508422034809E-008
   39.800000000000296        1.2277090340806268E-007
   39.900000000000297        1.4666407621711366E-007
   40.000000000000298        1.1654734360838895E-007
   40.100000000000300        2.6181937141740009E-007
   40.200000000000301        1.4890430887217712E-007
   40.300000000000303        1.2458081832196381E-007
   40.400000000000304        1.2243528472817707E-007
   40.500000000000306        9.2772759712500814E-008
   40.600000000000307        1.5886136279802783E-007
   40.700000000000308        7.7596217893682011E-008
   40.800000000000310        1.1082433019244077E-007
   40.900000000000311        1.3710094419562100E-007
   41.000000000000313        1.4711267491090917E-007
   41.100000000000314        1.4937215346958434E-007
   41.200000000000315        2.1189896399286900E-007
   41.300000000000317        8.5880757749617784E-008
   41.400000000000318        1.3690290106521543E-007
   41.500000000000320        2.0080085532875308E-007
   41.600000000000321        5.7338701235446051E-008
   41.700000000000323        2.2334629403687849E-007
   41.800000000000324        1.5982809046589277E-007
   41.900000000000325        1.0146613836801779E-007
   42.000000000000327        1.3387428230371861E-007
   42.100000000000328        1.7040278224688975E-007
   42.200000000000330        8.6346058535100329E-008
   42.300000000000331        2.5356558205494234E-007
   42.400000000000333        9.9355280377504574E-008
   42.500000000000334        1.0295784229706706E-007
   42.600000000000335        1.0690313076892512E-007
   42.700000000000337        9.3332551068537425E-008
   42.800000000000338        1.0947154731090254E-007
   42.900000000000340        1.3979394377855308E-007
   43.000000000000341        1.0140969123884964E-007
   43.100000000000342        1.0549669528154007E-007
   43.200000000000344        4.8853332577336711E-008
   43.300000000000345        8.1559224323550864E-008
   43.400000000000347        8.3712817891831489E-008
   43.500000000000348        7.8289247489951322E-008
   43.600000000000350        1.5212573258601689E-007
   43.700000000000351        2.3810353229990985E-007
   43.800000000000352        2.1378137732912629E-007
   43.900000000000354        6.0971579090716044E-008
   44.000000000000355        1.1069677742541773E-007
   44.100000000000357        1.2214071494198548E-007
   44.200000000000358        2.0506572146815168E-007
   44.300000000000360        6.0016340302491799E-008
   44.400000000000361        1.0986539181855297E-007
   44.500000000000362        1.4328658672402443E-007
   44.600000000000364        1.9842115766555171E-007
   44.700000000000365        6.6232368411350426E-008
   44.800000000000367        1.0252012528462734E-007
   44.900000000000368        1.2835862791105346E-007
   45.000000000000369        2.6835370506692760E-007
   45.100000000000371        1.3726747294623713E-007
   45.200000000000372        1.3510836591931720E-007
   45.300000000000374        4.0868603546970165E-008
   45.400000000000375        8.2198302756745300E-008
   45.500000000000377        1.8210404485107486E-007
   45.600000000000378        9.3043946279295680E-008
   45.700000000000379        8.8410916680807228E-008
   45.800000000000381        9.8061526494276120E-008
   45.900000000000382        1.9185824949019311E-007
   46.000000000000384        5.4109881311363645E-008
   46.100000000000385        9.7580665301525989E-008
   46.200000000000387        1.8285119896770997E-007
   46.300000000000388        1.2818831887904870E-007
   46.400000000000389        2.2887646626795388E-007
   46.500000000000391        1.7425163784505870E-007
   46.600000000000392        1.1113767725695186E-007
   46.700000000000394        7.9529294021637607E-008
   46.800000000000395        1.7615813249928260E-007
   46.900000000000396        8.9225755043037207E-008
   47.000000000000398        4.8591174645767017E-008
   47.100000000000399        9.9628744248092492E-008
   47.200000000000401        8.4473134869155106E-008
   47.300000000000402        8.9761075781455325E-008
   47.400000000000404        1.2219840524598997E-007
   47.500000000000405        6.8161203866753521E-008
   47.600000000000406        1.8326312380790184E-007
   47.700000000000408        6.6647299002367974E-008
   47.800000000000409        1.8378629252627806E-007
   47.900000000000411        4.2086462432797636E-007
   48.000000000000412        2.1085893688054806E-007
   48.100000000000414        7.6881971787844707E-008
   48.200000000000415        1.0084625075261452E-007
   48.300000000000416        1.2087663068204174E-007
   48.400000000000418        5.0838972582487459E-008
   48.500000000000419        1.0929489007996620E-007
   48.600000000000421        1.5119270597760272E-007
   48.700000000000422        1.1652219711750421E-007
   48.800000000000423        1.0543139976883300E-007
   48.900000000000425        8.8836307917952347E-008
   49.000000000000426        1.7385020627105202E-007
   49.100000000000428        1.2480512817479941E-007
   49.200000000000429        1.2139675619977936E-007
   49.300000000000431        1.0491005460749911E-007
   49.400000000000432        1.6838869234945526E-007
   49.500000000000433        9.8206635886370904E-008
   49.600000000000435        1.3956175305696071E-007
   49.700000000000436        8.4615026131605556E-008
   49.800000000000438        1.1318545593574215E-007
   49.900000000000439        9.7664469536374430E-008
   50.000000000000441        9.7451226821327882E-008
   50.100000000000442        1.0146819435691829E-007
   50.200000000000443        4.9702294943359412E-008
   50.300000000000445        4.7793740198122933E-008
   50.400000000000446        5.9141146181183153E-008
   50.500000000000448        1.7347544875035009E-007
   50.600000000000449        1.2277491233654113E-007
   50.700000000000450        1.1471745996787406E-007
   50.800000000000452        1.0446067807324521E-007
   50.900000000000453        1.6376032501400394E-007
   51.000000000000455        1.2483783333326159E-007
   51.100000000000456        8.4657701621424031E-008
   51.200000000000458        9.1866722990045311E-008
   51.300000000000459        1.3637215517322041E-007
   51.400000000000460        1.6810313950885680E-007
   51.500000000000462        8.8891362521082852E-008
   51.600000000000463        9.7057582047608559E-008
   51.700000000000465        7.9347564018467724E-008
   51.800000000000466        7.6276805667150118E-008
   51.900000000000468        1.6996501981299280E-007
   52.000000000000469        1.1771700952736089E-007
   52.100000000000470        1.3989896966924292E-007
   52.200000000000472        8.5905675123379587E-008
   52.300000000000473        1.1651280118239573E-007
   52.400000000000475        8.3059725942275104E-008
   52.500000000000476        2.4776931194959661E-007
   52.600000000000477        1.4940448229510036E-007
   52.700000000000479        1.6359924462198110E-007
   52.800000000000480        8.5935009575652552E-008
   52.900000000000482        1.4890268011937558E-007
   53.000000000000483        1.6286563525348519E-007
   53.100000000000485        2.3603232110654667E-007
   53.200000000000486        7.6085321336943204E-008
   53.300000000000487        7.4908124256472826E-008
   53.400000000000489        4.5899967620362232E-008
   53.500000000000490        1.0144184198883861E-007
   53.600000000000492        7.7825347166044119E-008
   53.700000000000493        1.6110190237721008E-007
   53.800000000000495        1.3359576490924984E-007
   53.900000000000496        6.7942810090402239E-008
   54.000000000000497        1.0249963654046589E-007
   54.100000000000499        9.6520250202831172E-008
   54.200000000000500        5.3014039830641937E-008
   54.300000000000502        6.6743566000955525E-008
   54.400000000000503        1.0707066625419928E-007
   54.500000000000504        1.6997589012484446E-007
   54.600000000000506        1.8117411634295335E-007
   54.700000000000507        1.1103495900688254E-007
   54.800000000000509        1.0462433703504076E-007
   54.900000000000510        1.0583806498906970E-007
   55.000000000000512        6.7360089075084145E-008
   55.100000000000513        8.3038813897572230E-008
   55.200000000000514        1.0635352694938081E-007
   55.300000000000516        1.7768284259308673E-007
   55.400000000000517        1.0686447284416362E-007
   55.500000000000519        9.3525167370464599E-008
   55.600000000000520        1.2755572448067030E-007
   55.700000000000522        1.0376319177571953E-007
   55.800000000000523        1.1515005629896564E-007
   55.900000000000524        7.6083530029845852E-008
   56.000000000000526        1.3297972339118800E-007
   56.100000000000527        8.8518967578886522E-008
   56.200000000000529        8.3912633311387123E-008
   56.300000000000530        7.4953034814173879E-008
   56.400000000000531        1.2446509173072379E-007
   56.500000000000533        6.6602027093288141E-008
   56.600000000000534        2.3211158408047610E-007
   56.700000000000536        1.0476026092800133E-007
   56.800000000000537        5.3261124793140168E-008
   56.900000000000539        1.1071432461709595E-007
   57.000000000000540        1.0719787035175072E-007
   57.100000000000541        5.4009724330129367E-008
   57.200000000000543        9.7922419388219346E-008
   57.300000000000544        1.0945735885700143E-007
   57.400000000000546        4.7268757145579073E-008
   57.500000000000547        1.0507073672347672E-007
   57.600000000000549        1.2851112142872696E-007
   57.700000000000550        1.1784245809687297E-007
   57.800000000000551        1.6607504448539968E-007
   57.900000000000553        8.9648476495004257E-008
   58.000000000000554        1.2517975930673894E-007
   58.100000000000556        9.7493156628224930E-008
   58.200000000000557        8.3689887475745561E-008
   58.300000000000558        8.8551786795590653E-008
   58.400000000000560        3.8604099781810207E-008
   58.500000000000561        1.1262325105230894E-007
   58.600000000000563        4.5692352557900715E-008
   58.700000000000564        1.6900840550914120E-007
   58.800000000000566        2.0338913683035994E-007
   58.900000000000567        4.7686085637972595E-008
   59.000000000000568        8.8075473700852367E-008
   59.100000000000570        4.4204240665536319E-008
   59.200000000000571        5.7829337163224188E-008
   59.300000000000573        1.5557789196465289E-007
   59.400000000000574        1.2579356235934425E-007
   59.500000000000576        1.6479874029421970E-007
   59.600000000000577        9.6016325437918368E-008
   59.700000000000578        6.3683348643115304E-008
   59.800000000000580        7.5490646071737362E-008
   59.900000000000581        1.0593845640979124E-007
   60.000000000000583        2.3395592499977636E-007
   60.100000000000584        1.0288420453793068E-007
   60.200000000000585        8.9589378891714746E-008
   60.300000000000587        8.9031157282343529E-008
   60.400000000000588        7.0871675021197185E-008
   60.500000000000590        1.9567697669908584E-007
   60.600000000000591        1.2366178316831809E-007
   60.700000000000593        1.1641314076866991E-007
   60.800000000000594        5.7278796264808864E-008
   60.900000000000595        5.8106343492809888E-008
   61.000000000000597        9.3210963029683010E-008
   61.100000000000598        8.9800262935501470E-008
   61.200000000000600        6.1170913473419447E-008
   61.300000000000601        9.1037346287020761E-008
   61.400000000000603        1.0687732821201450E-007
   61.500000000000604        7.3805298902049246E-008
   61.600000000000605        5.5439278502346819E-008
   61.700000000000607        7.2279991609101925E-008
   61.800000000000608        1.0198087902485589E-007
   61.900000000000610        9.5793222664689942E-008
   62.000000000000611        9.2520346914319479E-008
   62.100000000000612        1.2256833971209083E-007
   62.200000000000614        1.0618099419453649E-007
   62.300000000000615        8.1389377272872041E-008
   62.400000000000617        6.8721421122771168E-008
   62.500000000000618        1.9467951161759646E-007
   62.600000000000620        1.1640206067224353E-007
   62.700000000000621        5.3847188767600228E-008
   62.800000000000622        5.3286670090282463E-008
   62.900000000000624        7.3960270751754203E-008
   63.000000000000625        9.2685241133431102E-008
   63.100000000000627        1.4251452447711714E-007
   63.200000000000628        5.3409840080145611E-008
   63.300000000000630        5.8956283766274857E-008
   63.400000000000631        6.0467462502361255E-008
   63.500000000000632        7.1720881872775155E-008
   63.600000000000634        1.0389676272459127E-007
   63.700000000000635        4.5258731973364926E-008
   63.800000000000637        5.3257594373457299E-008
   63.900000000000638        8.1086892948734071E-008
   64.000000000000639        1.5904879545254202E-007
   64.100000000000634        7.8144780335510252E-008
   64.200000000000628        1.1880506259234002E-007
   64.300000000000622        1.4865410727405459E-007
   64.400000000000617        7.3058494496287811E-008
   64.500000000000611        7.2502422480619483E-008
   64.600000000000605        4.9800614511077399E-008
   64.700000000000600        2.2918144829984803E-007
   64.800000000000594        1.0199172926080110E-007
   64.900000000000588        6.6188554452166378E-008
   65.000000000000583        6.8875077589587197E-008
   65.100000000000577        6.2854391389919220E-008
   65.200000000000571        1.1318701401082976E-007
   65.300000000000566        1.0060077029783081E-007
   65.400000000000560        6.6995060019341499E-008
   65.500000000000554        8.3725149083982908E-008
   65.600000000000549        1.1567031499628209E-007
   65.700000000000543        8.3518915623466824E-008
   65.800000000000537        1.3468581179798754E-007
   65.900000000000531        8.0056055010111562E-008
   66.000000000000526        1.5137989754216254E-007
   66.100000000000520        7.3378397077726054E-008
   66.200000000000514        1.1011614748214037E-007
   66.300000000000509        1.1359501273550513E-007
   66.400000000000503        8.5520255249449601E-008
   66.500000000000497        9.8564812558740072E-008
   66.600000000000492        7.2245127532807659E-008
   66.700000000000486        8.4614767306039458E-008
   66.800000000000480        1.1124773357035772E-007
   66.900000000000475        9.6382898698155138E-008
   67.000000000000469        7.0203732299999805E-008
   67.100000000000463        1.0307821327087187E-007
   67.200000000000458        5.9861487975323593E-008
   67.300000000000452        8.5894598155785797E-008
   67.400000000000446        9.2538998647538356E-008
   67.500000000000441        1.3124623204083197E-007
   67.600000000000435        1.1047575236983546E-007
   67.700000000000429        5.8839196897648398E-008
   67.800000000000423        7.6850657631753877E-008
   67.900000000000418        6.0953319058168488E-008
   68.000000000000412        9.4760831257978052E-008
   68.100000000000406        1.0134279359177515E-007
   68.200000000000401        1.8719967571397153E-007
   68.300000000000395        2.5530153691839031E-007
   68.400000000000389        6.5621576800710635E-008
   68.500000000000384        7.2573120349523642E-008
   68.600000000000378        1.5352043041918553E-007
   68.700000000000372        6.5424050203788835E-008
   68.800000000000367        8.3886472448930141E-008
   68.900000000000361        8.0031153031536793E-008
   69.000000000000355        9.5428602878228270E-008
   69.100000000000350        1.0101792910992135E-007
   69.200000000000344        5.7947313367697287E-008
   69.300000000000338        1.4376083647049901E-007
   69.400000000000333        9.1052500133199505E-008
   69.500000000000327        1.0118412405427857E-007
   69.600000000000321        4.6232606108923177E-008
   69.700000000000315        5.9928601234280964E-008
   69.800000000000310        7.9375448911689121E-008
   69.900000000000304        6.9504789493781776E-008
   70.000000000000298        1.5214996457285635E-007
   70.100000000000293        9.0878890160425857E-008
   70.200000000000287        1.1021332395235745E-007
   70.300000000000281        8.2786842140824635E-008
   70.400000000000276        7.6091942544965704E-008
   70.500000000000270        4.1307658820855505E-008
   70.600000000000264        7.0093224640759086E-008
   70.700000000000259        1.6654889360898450E-007
   70.800000000000253        1.1051779676589411E-007
   70.900000000000247        5.3739246950683874E-008
   71.000000000000242        1.3943781230422503E-007
   71.100000000000236        1.1286910309979579E-007
   71.200000000000230        6.2591195979109538E-008
   71.300000000000225        6.3539264062217841E-008
   71.400000000000219        4.7947791828440981E-008
   71.500000000000213        1.1248391304234144E-007
   71.600000000000207        4.9175463423294075E-008
   71.700000000000202        7.6331652909343728E-008
   71.800000000000196        7.8876076297881141E-008
   71.900000000000190        1.2374974273556746E-007
   72.000000000000185        6.4446190275611320E-008
   72.100000000000179        3.4887384982302405E-008
   72.200000000000173        1.0362122412180107E-007
   72.300000000000168        1.8941289236995801E-007
   72.400000000000162        5.5199733194326579E-008
   72.500000000000156        3.3003032601318607E-008
   72.600000000000151        7.5553120028776753E-008
   72.700000000000145        9.1668063656056863E-008
   72.800000000000139        1.2366492951666823E-007
   72.900000000000134        9.9979406615882938E-008
   73.000000000000128        1.5915121116396042E-007
   73.100000000000122        8.1588128955277369E-008
   73.200000000000117        1.3914504004917943E-007
   73.300000000000111        2.1110438521018482E-007
   73.400000000000105        6.4888514251585399E-008
   73.500000000000099        8.4025753221859057E-008
   73.600000000000094        3.1673921353092931E-008
   73.700000000000088        9.9378404004480435E-008
   73.800000000000082        3.6406281107171091E-008
   73.900000000000077        9.0658753791023617E-008
   74.000000000000071        1.0898528995534324E-007
   74.100000000000065        9.7686526970652384E-008
   74.200000000000060        3.7102301427940828E-008
   74.300000000000054        7.4832889776444729E-008
   74.400000000000048        5.3099897445847415E-008
   74.500000000000043        8.8918744161073613E-008
   74.600000000000037        1.6857769407088937E-007
   74.700000000000031        2.2990383898532975E-007
   74.800000000000026        6.4412496554758016E-008
   74.900000000000020        8.6609614535435316E-008
   75.000000000000014        8.3546654676866016E-008
   75.100000000000009        7.8486434032545036E-008
   75.200000000000003        5.4978371664797925E-008
   75.299999999999997        2.0016889007354575E-007
   75.399999999999991        7.5568480188872743E-008
   75.499999999999986        5.0895586983780496E-008
   75.599999999999980        1.3432466558822368E-007
   75.699999999999974        4.5682092235874676E-008
   75.799999999999969        7.0420917324605798E-008
   75.899999999999963        6.1476952588047991E-008
   75.999999999999957        1.3231492984490571E-007
   76.099999999999952        5.4152150629111483E-008
   76.199999999999946        7.9575899198428640E-008
   76.299999999999940        3.4371850974441112E-008
   76.399999999999935        7.7955696832790746E-008
   76.499999999999929        4.8977986004090242E-008
   76.599999999999923        8.8160225787072450E-008
   76.699999999999918        5.4055795173634722E-008
   76.799999999999912        1.3517524261893727E-007
   76.899999999999906        9.2901516097918688E-008
   76.999999999999901        3.3859243008300222E-008
   77.099999999999895        1.0517833318307717E-007
   77.199999999999889        2.6242772254725726E-008
   77.299999999999883        7.7927079397508184E-008
   77.399999999999878        9.6156367889457359E-008
   77.499999999999872        9.5464936781858746E-008
   77.599999999999866        7.5872771366020483E-008
   77.699999999999861        1.2011913218064756E-007
   77.799999999999855        1.1911303306423840E-007
   77.899999999999849        8.4500516010330561E-008
   77.999999999999844        4.6891925487260236E-008
   78.099999999999838        3.6918994403201202E-008
   78.199999999999832        4.8121862681528713E-008
   78.299999999999827        8.5746574071572798E-008
   78.399999999999821        5.0760219050175637E-008
   78.499999999999815        5.5560884366321738E-008
   78.599999999999810        8.1818069507479710E-008
   78.699999999999804        9.1991126881359500E-008
   78.799999999999798        1.1256676852084490E-007
   78.899999999999793        8.8478912732717281E-008
   78.999999999999787        4.6040078440346885E-008
   79.099999999999781        5.9628847451904252E-008
   79.199999999999775        1.3971042750473919E-007
   79.299999999999770        2.2427898952536925E-007
   79.399999999999764        1.0411488655724326E-007
   79.499999999999758        4.2467981075648305E-008
   79.599999999999753        4.5054071832014352E-008
   79.699999999999747        3.2994728781781650E-008
   79.799999999999741        1.0131300546875492E-007
   79.899999999999736        8.8328917686427612E-008
   79.999999999999730        4.0587347045000140E-008
