  -3.0000000000000004      -0.99510000000000098     
  -2.9000000000000004      -0.99490000000000089     
  -2.8000000000000003      -0.99410000000000098     
  -2.7000000000000002      -0.99350000000000105     
  -2.6000000000000005      -0.99400000000000110     
  -2.5000000000000004      -0.99315000000000109     
  -2.4000000000000004      -0.99195000000000111     
  -2.3000000000000003      -0.99200000000000110     
  -2.2000000000000002      -0.99100000000000121     
  -2.1000000000000001      -0.98975000000000135     
  -2.0000000000000004      -0.98735000000000117     
  -1.9000000000000004      -0.98785000000000123     
  -1.8000000000000003      -0.98650000000000138     
  -1.7000000000000002      -0.98555000000000148     
  -1.6000000000000003      -0.98495000000000121     
  -1.5000000000000002      -0.98050000000000126     
  -1.4000000000000004      -0.97965000000000113     
  -1.3000000000000003      -0.97620000000000107     
  -1.2000000000000002      -0.97585000000000144     
  -1.1000000000000003      -0.97130000000000127     
  -1.0000000000000002      -0.96780000000000055     
 -0.90000000000000024      -0.96330000000000027     
 -0.80000000000000027      -0.96074999999999999     
 -0.70000000000000018      -0.95780000000000010     
 -0.60000000000000020      -0.95110000000000017     
 -0.50000000000000022      -0.94119999999999937     
 -0.40000000000000019      -0.92769999999999897     
 -0.30000000000000016      -0.91499999999999926     
 -0.20000000000000018      -0.88590000000000002     
 -0.10000000000000017      -0.85974999999999990     
  -1.6653345369377348E-016 -0.74495000000000033     
   9.9999999999999839E-002  0.87465000000000037     
  0.19999999999999984       0.89405000000000001     
  0.29999999999999982       0.90994999999999981     
  0.39999999999999986       0.92484999999999951     
  0.49999999999999989       0.94334999999999958     
  0.59999999999999987       0.94504999999999950     
  0.69999999999999984       0.95084999999999975     
  0.79999999999999982       0.95860000000000023     
  0.89999999999999991       0.96530000000000082     
  0.99999999999999989       0.96745000000000081     
   1.0999999999999999       0.97130000000000116     
   1.2000000000000000       0.97515000000000118     
   1.2999999999999998       0.97660000000000124     
   1.3999999999999999       0.97945000000000149     
   1.5000000000000000       0.98060000000000114     
   1.5999999999999999       0.98195000000000121     
   1.7000000000000000       0.98605000000000120     
   1.7999999999999998       0.98490000000000133     
   1.8999999999999999       0.98695000000000122     
   2.0000000000000000       0.98885000000000123     
   2.1000000000000001       0.99120000000000119     
   2.2000000000000002       0.99065000000000136     
   2.2999999999999998       0.99105000000000132     
   2.3999999999999999       0.99205000000000121     
   2.5000000000000000       0.99220000000000108     
   2.6000000000000001       0.99330000000000107     
   2.7000000000000002       0.99460000000000093     
   2.7999999999999998       0.99425000000000097     
   2.8999999999999999       0.99525000000000097     
   3.0000000000000000       0.99620000000000097     
   2.8999999999999999       0.99490000000000101     
   2.7999999999999998       0.99410000000000098     
   2.7000000000000002       0.99475000000000102     
   2.6000000000000001       0.99300000000000110     
   2.5000000000000000       0.99225000000000119     
   2.3999999999999999       0.99260000000000104     
   2.2999999999999998       0.99185000000000112     
   2.2000000000000002       0.99200000000000110     
   2.1000000000000001       0.98905000000000121     
   2.0000000000000000       0.98920000000000119     
   1.8999999999999999       0.98790000000000133     
   1.7999999999999998       0.98540000000000150     
   1.7000000000000000       0.98570000000000113     
   1.5999999999999999       0.98490000000000133     
   1.5000000000000000       0.98160000000000125     
   1.3999999999999999       0.98030000000000117     
   1.2999999999999998       0.97640000000000104     
   1.2000000000000000       0.97440000000000127     
   1.0999999999999999       0.97080000000000155     
  0.99999999999999989       0.96965000000000101     
  0.89999999999999991       0.96100000000000063     
  0.79999999999999982       0.96100000000000041     
  0.69999999999999984       0.95319999999999938     
  0.59999999999999987       0.94679999999999997     
  0.49999999999999989       0.93589999999999929     
  0.39999999999999986       0.92694999999999939     
  0.29999999999999982       0.92119999999999957     
  0.19999999999999984       0.88525000000000031     
   9.9999999999999839E-002  0.85180000000000000     
  -1.6653345369377348E-016 -0.71754999999999991     
 -0.10000000000000017      -0.85840000000000027     
 -0.20000000000000018      -0.89644999999999975     
 -0.30000000000000016      -0.91114999999999957     
 -0.40000000000000019      -0.92919999999999958     
 -0.50000000000000022      -0.94014999999999960     
 -0.60000000000000020      -0.94839999999999947     
 -0.70000000000000018      -0.95420000000000038     
 -0.80000000000000027      -0.95840000000000058     
 -0.90000000000000024      -0.96435000000000093     
  -1.0000000000000002      -0.96790000000000065     
  -1.1000000000000003      -0.96870000000000056     
  -1.2000000000000002      -0.97540000000000104     
  -1.3000000000000003      -0.97745000000000115     
  -1.4000000000000004      -0.97880000000000111     
  -1.5000000000000002      -0.98115000000000130     
  -1.6000000000000003      -0.98425000000000140     
  -1.7000000000000002      -0.98430000000000117     
  -1.8000000000000003      -0.98605000000000143     
  -1.9000000000000004      -0.98745000000000127     
  -2.0000000000000004      -0.98950000000000127     
  -2.1000000000000001      -0.99005000000000132     
  -2.2000000000000002      -0.99095000000000111     
  -2.3000000000000003      -0.99045000000000116     
  -2.4000000000000004      -0.99245000000000116     
  -2.5000000000000004      -0.99185000000000123     
  -2.6000000000000005      -0.99390000000000100     
  -2.7000000000000002      -0.99360000000000104     
  -2.8000000000000003      -0.99385000000000101     
  -2.9000000000000004      -0.99545000000000106     
  -3.0000000000000004      -0.99610000000000098     
