  -3.0000000000000004      -0.97920000000000129     
  -2.9000000000000004      -0.97610000000000141     
  -2.8000000000000003      -0.97745000000000137     
  -2.7000000000000002      -0.97575000000000089     
  -2.6000000000000005      -0.97135000000000138     
  -2.5000000000000004      -0.97140000000000093     
  -2.4000000000000004      -0.96745000000000059     
  -2.3000000000000003      -0.96610000000000085     
  -2.2000000000000002      -0.96300000000000086     
  -2.1000000000000001      -0.96020000000000005     
  -2.0000000000000004      -0.95614999999999928     
  -1.9000000000000004      -0.94640000000000002     
  -1.8000000000000003      -0.94649999999999912     
  -1.7000000000000002      -0.94119999999999915     
  -1.6000000000000003      -0.93484999999999963     
  -1.5000000000000002      -0.93329999999999935     
  -1.4000000000000004      -0.92369999999999963     
  -1.3000000000000003      -0.91629999999999956     
  -1.2000000000000002      -0.90809999999999991     
  -1.1000000000000003      -0.89580000000000015     
  -1.0000000000000002      -0.88430000000000009     
 -0.90000000000000024      -0.87625000000000031     
 -0.80000000000000027      -0.84950000000000003     
 -0.70000000000000018      -0.83410000000000006     
 -0.60000000000000020      -0.80849999999999977     
 -0.50000000000000022      -0.78255000000000008     
 -0.40000000000000019      -0.72914999999999996     
 -0.30000000000000016      -0.65754999999999997     
 -0.20000000000000018      -0.50810000000000011     
 -0.10000000000000017      -0.38685000000000003     
  -1.6653345369377348E-016   4.5850000000000016E-002
   9.9999999999999839E-002  0.38180000000000003     
  0.19999999999999984       0.52960000000000007     
  0.29999999999999982       0.63619999999999988     
  0.39999999999999986       0.73444999999999994     
  0.49999999999999989       0.77044999999999997     
  0.59999999999999987       0.80980000000000030     
  0.69999999999999984       0.83635000000000026     
  0.79999999999999982       0.84944999999999937     
  0.89999999999999991       0.87300000000000022     
  0.99999999999999989       0.88855000000000006     
   1.0999999999999999       0.90304999999999969     
   1.2000000000000000       0.90760000000000030     
   1.2999999999999998       0.91464999999999952     
   1.3999999999999999       0.92164999999999941     
   1.5000000000000000       0.93479999999999885     
   1.5999999999999999       0.93954999999999955     
   1.7000000000000000       0.94149999999999956     
   1.7999999999999998       0.94699999999999973     
   1.8999999999999999       0.95164999999999977     
   2.0000000000000000       0.95629999999999937     
   2.1000000000000001       0.95909999999999995     
   2.2000000000000002       0.95985000000000031     
   2.2999999999999998       0.96330000000000060     
   2.3999999999999999       0.96575000000000089     
   2.5000000000000000       0.96740000000000081     
   2.6000000000000001       0.97205000000000097     
   2.7000000000000002       0.97500000000000131     
   2.7999999999999998       0.97780000000000122     
   2.8999999999999999       0.97685000000000122     
   3.0000000000000000       0.97750000000000092     
   2.8999999999999999       0.97675000000000112     
   2.7999999999999998       0.97560000000000136     
   2.7000000000000002       0.97645000000000126     
   2.6000000000000001       0.97235000000000116     
   2.5000000000000000       0.96840000000000115     
   2.3999999999999999       0.96810000000000074     
   2.2999999999999998       0.96415000000000062     
   2.2000000000000002       0.96080000000000076     
   2.1000000000000001       0.95759999999999978     
   2.0000000000000000       0.95475000000000010     
   1.8999999999999999       0.95129999999999959     
   1.7999999999999998       0.94730000000000003     
   1.7000000000000000       0.93829999999999980     
   1.5999999999999999       0.93429999999999958     
   1.5000000000000000       0.93189999999999928     
   1.3999999999999999       0.92399999999999960     
   1.2999999999999998       0.91774999999999962     
   1.2000000000000000       0.89934999999999987     
   1.0999999999999999       0.89755000000000018     
  0.99999999999999989       0.88080000000000014     
  0.89999999999999991       0.86455000000000004     
  0.79999999999999982       0.85015000000000041     
  0.69999999999999984       0.83314999999999984     
  0.59999999999999987       0.79954999999999987     
  0.49999999999999989       0.76500000000000035     
  0.39999999999999986       0.73759999999999992     
  0.29999999999999982       0.65164999999999984     
  0.19999999999999984       0.55930000000000024     
   9.9999999999999839E-002  0.34479999999999994     
  -1.6653345369377348E-016  -2.4349999999999997E-002
 -0.10000000000000017      -0.34064999999999990     
 -0.20000000000000018      -0.54239999999999977     
 -0.30000000000000016      -0.67600000000000016     
 -0.40000000000000019      -0.72664999999999991     
 -0.50000000000000022      -0.76750000000000018     
 -0.60000000000000020      -0.81709999999999960     
 -0.70000000000000018      -0.82140000000000013     
 -0.80000000000000027      -0.85210000000000019     
 -0.90000000000000024      -0.86835000000000040     
  -1.0000000000000002      -0.88280000000000025     
  -1.1000000000000003      -0.89470000000000038     
  -1.2000000000000002      -0.91014999999999979     
  -1.3000000000000003      -0.91280000000000006     
  -1.4000000000000004      -0.92589999999999939     
  -1.5000000000000002      -0.92664999999999953     
  -1.6000000000000003      -0.93539999999999934     
  -1.7000000000000002      -0.93974999999999909     
  -1.8000000000000003      -0.95039999999999925     
  -1.9000000000000004      -0.95109999999999961     
  -2.0000000000000004      -0.95484999999999975     
  -2.1000000000000001      -0.95940000000000036     
  -2.2000000000000002      -0.96060000000000023     
  -2.3000000000000003      -0.96480000000000099     
  -2.4000000000000004      -0.96795000000000031     
  -2.5000000000000004      -0.97045000000000103     
  -2.6000000000000005      -0.97205000000000108     
  -2.7000000000000002      -0.97420000000000173     
  -2.8000000000000003      -0.97520000000000107     
  -2.9000000000000004      -0.97930000000000139     
  -3.0000000000000004      -0.98100000000000109     
