  -3.0000000000000004      -0.99975000000000069     
  -2.9000000000000004      -0.99990000000000068     
  -2.8000000000000003      -0.99970000000000070     
  -2.7000000000000002      -0.99980000000000069     
  -2.6000000000000005      -0.99980000000000069     
  -2.5000000000000004      -0.99970000000000070     
  -2.4000000000000004      -0.99965000000000070     
  -2.3000000000000003      -0.99950000000000072     
  -2.2000000000000002      -0.99940000000000073     
  -2.1000000000000001      -0.99920000000000075     
  -2.0000000000000004      -0.99960000000000071     
  -1.9000000000000004      -0.99950000000000072     
  -1.8000000000000003      -0.99915000000000076     
  -1.7000000000000002      -0.99900000000000078     
  -1.6000000000000003      -0.99870000000000081     
  -1.5000000000000002      -0.99885000000000068     
  -1.4000000000000004      -0.99880000000000069     
  -1.3000000000000003      -0.99805000000000088     
  -1.2000000000000002      -0.99710000000000087     
  -1.1000000000000003      -0.99740000000000095     
  -1.0000000000000002      -0.99735000000000085     
 -0.90000000000000024      -0.99715000000000087     
 -0.80000000000000027      -0.99600000000000088     
 -0.70000000000000018      -0.99580000000000091     
 -0.60000000000000020      -0.99505000000000110     
 -0.50000000000000022      -0.99500000000000099     
 -0.40000000000000019      -0.99360000000000104     
 -0.30000000000000016      -0.99245000000000105     
 -0.20000000000000018      -0.99120000000000119     
 -0.10000000000000017      -0.98895000000000122     
  -1.6653345369377348E-016 -0.98730000000000107     
   9.9999999999999839E-002 -0.98510000000000142     
  0.19999999999999984      -0.97655000000000092     
  0.29999999999999982       0.99195000000000122     
  0.39999999999999986       0.99425000000000097     
  0.49999999999999989       0.99420000000000097     
  0.59999999999999987       0.99560000000000104     
  0.69999999999999984       0.99550000000000083     
  0.79999999999999982       0.99590000000000101     
  0.89999999999999991       0.99690000000000101     
  0.99999999999999989       0.99680000000000091     
   1.0999999999999999       0.99790000000000068     
   1.2000000000000000       0.99780000000000080     
   1.2999999999999998       0.99770000000000081     
   1.3999999999999999       0.99920000000000075     
   1.5000000000000000       0.99880000000000080     
   1.5999999999999999       0.99895000000000078     
   1.7000000000000000       0.99895000000000078     
   1.7999999999999998       0.99915000000000076     
   1.8999999999999999       0.99945000000000073     
   2.0000000000000000       0.99945000000000062     
   2.1000000000000001       0.99955000000000072     
   2.2000000000000002       0.99930000000000063     
   2.2999999999999998       0.99960000000000071     
   2.3999999999999999       0.99965000000000070     
   2.5000000000000000       0.99965000000000070     
   2.6000000000000001       0.99970000000000070     
   2.7000000000000002       0.99950000000000061     
   2.7999999999999998       0.99965000000000070     
   2.8999999999999999       0.99995000000000067     
   3.0000000000000000       0.99995000000000067     
   2.8999999999999999       0.99975000000000069     
   2.7999999999999998       0.99990000000000068     
   2.7000000000000002       0.99975000000000069     
   2.6000000000000001       0.99960000000000071     
   2.5000000000000000       0.99965000000000070     
   2.3999999999999999       0.99980000000000069     
   2.2999999999999998       0.99970000000000070     
   2.2000000000000002       0.99960000000000071     
   2.1000000000000001       0.99925000000000075     
   2.0000000000000000       0.99930000000000074     
   1.8999999999999999       0.99935000000000074     
   1.7999999999999998       0.99935000000000074     
   1.7000000000000000       0.99900000000000078     
   1.5999999999999999       0.99910000000000077     
   1.5000000000000000       0.99880000000000069     
   1.3999999999999999       0.99875000000000080     
   1.2999999999999998       0.99830000000000085     
   1.2000000000000000       0.99825000000000075     
   1.0999999999999999       0.99775000000000091     
  0.99999999999999989       0.99760000000000071     
  0.89999999999999991       0.99730000000000085     
  0.79999999999999982       0.99690000000000079     
  0.69999999999999984       0.99590000000000101     
  0.59999999999999987       0.99585000000000101     
  0.49999999999999989       0.99435000000000096     
  0.39999999999999986       0.99300000000000110     
  0.29999999999999982       0.99155000000000126     
  0.19999999999999984       0.99115000000000097     
   9.9999999999999839E-002  0.99035000000000095     
  -1.6653345369377348E-016  0.98580000000000145     
 -0.10000000000000017       0.98460000000000114     
 -0.20000000000000018       0.97710000000000119     
 -0.30000000000000016      -0.99250000000000094     
 -0.40000000000000019      -0.99365000000000103     
 -0.50000000000000022      -0.99520000000000097     
 -0.60000000000000020      -0.99415000000000098     
 -0.70000000000000018      -0.99575000000000080     
 -0.80000000000000027      -0.99605000000000088     
 -0.90000000000000024      -0.99750000000000083     
  -1.0000000000000002      -0.99725000000000086     
  -1.1000000000000003      -0.99745000000000084     
  -1.2000000000000002      -0.99780000000000080     
  -1.3000000000000003      -0.99790000000000079     
  -1.4000000000000004      -0.99845000000000073     
  -1.5000000000000002      -0.99900000000000078     
  -1.6000000000000003      -0.99900000000000067     
  -1.7000000000000002      -0.99935000000000074     
  -1.8000000000000003      -0.99910000000000077     
  -1.9000000000000004      -0.99935000000000074     
  -2.0000000000000004      -0.99925000000000075     
  -2.1000000000000001      -0.99925000000000075     
  -2.2000000000000002      -0.99950000000000072     
  -2.3000000000000003      -0.99960000000000071     
  -2.4000000000000004      -0.99970000000000070     
  -2.5000000000000004      -0.99990000000000068     
  -2.6000000000000005      -0.99965000000000070     
  -2.7000000000000002      -0.99945000000000073     
  -2.8000000000000003      -0.99985000000000068     
  -2.9000000000000004      -0.99970000000000070     
  -3.0000000000000004      -0.99985000000000068     
