  0.10000000000000001        0.0000000000000000     
  0.11000000000000000        0.0000000000000000     
  0.12000000000000000        0.0000000000000000     
  0.13000000000000000        0.0000000000000000     
  0.14000000000000001        0.0000000000000000     
  0.15000000000000002        0.0000000000000000     
  0.16000000000000003        0.0000000000000000     
  0.17000000000000004        0.0000000000000000     
  0.18000000000000005        0.0000000000000000     
  0.19000000000000006        0.0000000000000000     
  0.20000000000000007        0.0000000000000000     
  0.21000000000000008        0.0000000000000000     
  0.22000000000000008        0.0000000000000000     
  0.23000000000000009        0.0000000000000000     
  0.24000000000000010        0.0000000000000000     
  0.25000000000000011        0.0000000000000000     
  0.26000000000000012        0.0000000000000000     
  0.27000000000000013        0.0000000000000000     
  0.28000000000000014        0.0000000000000000     
  0.29000000000000015        0.0000000000000000     
  0.30000000000000016        0.0000000000000000     
  0.31000000000000016        0.0000000000000000     
  0.32000000000000017        0.0000000000000000     
  0.33000000000000018        0.0000000000000000     
  0.34000000000000019        0.0000000000000000     
  0.35000000000000020        0.0000000000000000     
  0.36000000000000021        0.0000000000000000     
  0.37000000000000022        0.0000000000000000     
  0.38000000000000023        0.0000000000000000     
  0.39000000000000024        0.0000000000000000     
  0.40000000000000024        0.0000000000000000     
  0.41000000000000025        0.0000000000000000     
  0.42000000000000026        0.0000000000000000     
  0.43000000000000027        0.0000000000000000     
  0.44000000000000028        0.0000000000000000     
  0.45000000000000029        0.0000000000000000     
  0.46000000000000030        0.0000000000000000     
  0.47000000000000031        0.0000000000000000     
  0.48000000000000032        0.0000000000000000     
  0.49000000000000032        0.0000000000000000     
  0.50000000000000033        0.0000000000000000     
  0.51000000000000034        1.5716308214027832E-002
  0.52000000000000035        0.0000000000000000     
  0.53000000000000036        0.0000000000000000     
  0.54000000000000037        1.4018558869919885E-002
  0.55000000000000038       0.21491821473513745     
  0.56000000000000039       0.20731108201336979     
  0.57000000000000040       0.20010081661862961     
  0.58000000000000040       0.30136311472783400     
  0.59000000000000041       0.10526614425690901     
  0.60000000000000042        1.1355032684635107E-002
  0.61000000000000043        4.3855222303887567E-002
  0.62000000000000044        4.2451946460136745E-002
  0.63000000000000045        1.0114611831373805     
  0.64000000000000046       0.62980094066107239     
  0.65000000000000047        2.7073106726158787     
  0.66000000000000048        3.2667603562085081     
  0.67000000000000048        2.8508758795298541     
  0.68000000000000049        1.6879205858734099     
  0.69000000000000050        5.9847593104442129     
  0.70000000000000051        5.7692193592729000     
  0.71000000000000052        4.8276133056070973     
  0.72000000000000053        8.1105972567782079     
  0.73000000000000054        12.545181208016633     
  0.74000000000000055        20.443887977750737     
  0.75000000000000056        19.460378477356148     
  0.76000000000000056        25.121409178346177     
  0.77000000000000057        52.172965203828291     
  0.78000000000000058        45.012674777635219     
  0.79000000000000059        47.168448277298026     
  0.80000000000000060        97.810513572094266     
  0.81000000000000061        107.49501005058582     
  0.82000000000000062        141.11863233727337     
  0.83000000000000063        187.36872512879563     
  0.84000000000000064        221.04665494862223     
  0.85000000000000064        231.99317164448246     
  0.86000000000000065        363.54533275614540     
  0.87000000000000066        404.57094893409248     
  0.88000000000000067        533.92166856675306     
  0.89000000000000068        553.69450913383446     
  0.90000000000000069        682.93157771591621     
  0.91000000000000070        918.98360957648629     
  0.92000000000000071        754.13371969654577     
  0.93000000000000071        1288.6512437817009     
  0.94000000000000072        1868.5937313416443     
  0.95000000000000073        2082.0933990075791     
  0.96000000000000074        1627.8480888544818     
  0.97000000000000075        2527.6947903096052     
  0.98000000000000076        2667.9729047760925     
  0.99000000000000077        3307.7490611602616     
   1.0000000000000007        2552.1717321124893     
   1.0100000000000007        3523.5549996821437     
   1.0200000000000007        4279.8050683944939     
   1.0300000000000007        5009.4861781191312     
   1.0400000000000007        6362.0403845036744     
   1.0500000000000007        7414.5180472961947     
   1.0600000000000007        7889.9951926460917     
   1.0700000000000007        8541.9745763960655     
   1.0800000000000007        9807.9942335956912     
   1.0900000000000007        10775.905739877182     
   1.1000000000000008        11966.024051401700     
   1.1100000000000008        15038.581709116763     
   1.1200000000000008        18962.139716306978     
   1.1300000000000008        20504.763865817178     
   1.1400000000000008        21578.682171447555     
   1.1500000000000008        28729.337309697425     
   1.1600000000000008        27258.948181185511     
   1.1700000000000008        28892.007941461448     
   1.1800000000000008        31564.068087073752     
   1.1900000000000008        35996.055812573890     
   1.2000000000000008        38123.858957770048     
   1.2100000000000009        45338.489424317537     
   1.2200000000000009        45891.472633439000     
   1.2300000000000009        50768.837174302542     
   1.2400000000000009        62574.467292557703     
   1.2500000000000009        72488.282175407294     
   1.2600000000000009        75440.689613580529     
   1.2700000000000009        78257.746996635178     
   1.2800000000000009        73065.036314470184     
   1.2900000000000009        108582.98901831794     
   1.3000000000000009        109808.33840587157     
   1.3100000000000009        109827.21276890977     
   1.3200000000000010        116970.42555877971     
   1.3300000000000010        156791.94324123490     
   1.3400000000000010        147323.00555334328     
   1.3500000000000010        188452.09407546441     
   1.3600000000000010        154775.40623648418     
   1.3700000000000010        241756.33138801553     
   1.3800000000000010        268594.66243713553     
   1.3900000000000010        215080.05313160105     
   1.4000000000000010        263127.13800390938     
   1.4100000000000010        289676.34045347088     
   1.4200000000000010        282687.18991844228     
   1.4300000000000010        347647.86857892631     
   1.4400000000000011        416743.37759642053     
   1.4500000000000011        382643.48934889416     
   1.4600000000000011        406499.08927078976     
   1.4700000000000011        430828.00654891436     
   1.4800000000000011        452180.48229482665     
   1.4900000000000011        526560.71458547364     
   1.5000000000000011        627053.47653002734     
   1.5100000000000011        606739.29463581613     
   1.5200000000000011        613801.63798840332     
   1.5300000000000011        637972.41508203791     
   1.5400000000000011        782473.43141047272     
   1.5500000000000012        848674.75009439571     
   1.5600000000000012        784927.64757637156     
   1.5700000000000012        767267.07170631934     
   1.5800000000000012        929249.13786846760     
   1.5900000000000012        1087971.1458793040     
   1.6000000000000012        1254035.7967128826     
   1.6100000000000012        1103764.3481866547     
   1.6200000000000012        1186004.8893260641     
   1.6300000000000012        1374078.5852980018     
   1.6400000000000012        1697766.5668686519     
   1.6500000000000012        1791830.4894865393     
   1.6600000000000013        1607414.6241265121     
   1.6700000000000013        2025181.3576491084     
   1.6800000000000013        2082048.0772492473     
   1.6900000000000013        1620368.0545881640     
   1.7000000000000013        2064946.6571767752     
   1.7100000000000013        2207911.5242819339     
   1.7200000000000013        2557273.5524197049     
   1.7300000000000013        2878531.3575562933     
   1.7400000000000013        2282812.8081343491     
   1.7500000000000013        2927059.9984184788     
   1.7600000000000013        2977252.9952619537     
   1.7700000000000014        3103272.7460566419     
   1.7800000000000014        2960046.5974007486     
   1.7900000000000014        3684843.6043944824     
   1.8000000000000014        3860796.1705152481     
   1.8100000000000014        3633565.2785918503     
   1.8200000000000014        4435239.7027621465     
   1.8300000000000014        4711806.8257447211     
   1.8400000000000014        5334757.4322681203     
   1.8500000000000014        5859916.7121987855     
   1.8600000000000014        5459465.9931430928     
   1.8700000000000014        5757103.3102655588     
   1.8800000000000014        6359807.4676819863     
   1.8900000000000015        7244679.9243392283     
   1.9000000000000015        7770013.2490868103     
   1.9100000000000015        7511543.8225888666     
   1.9200000000000015        8277084.7780937729     
   1.9300000000000015        9453821.9057721086     
   1.9400000000000015        9848778.0510431435     
   1.9500000000000015        8902789.4508154001     
   1.9600000000000015        8917643.9154313616     
   1.9700000000000015        12246208.766445944     
   1.9800000000000015        11746923.956987327     
   1.9900000000000015        13286646.305635024     
   2.0000000000000013        13333905.390216172     
   2.0100000000000011        12819552.004160041     
   2.0200000000000009        13881732.827842826     
   2.0300000000000007        16379728.553964090     
   2.0400000000000005        16258085.050309369     
   2.0500000000000003        22995199.895196207     
   2.0600000000000001        23680548.071218848     
   2.0699999999999998        17476997.510885291     
   2.0799999999999996        22776182.378808595     
   2.0899999999999994        20668629.453265768     
   2.0999999999999992        24930766.779852282     
   2.1099999999999990        26002217.643884230     
   2.1199999999999988        27798294.693542488     
   2.1299999999999986        30393501.209781248     
   2.1399999999999983        42193783.846724816     
   2.1499999999999981        39122073.766425602     
   2.1599999999999979        33077929.496849179     
   2.1699999999999977        35407045.265924446     
   2.1799999999999975        71569963.147000924     
   2.1899999999999973        72366396.269930094     
   2.1999999999999971        49392270.318359494     
   2.2099999999999969        47615505.172698975     
   2.2199999999999966        44105045.777267218     
   2.2299999999999964        58990016.712062836     
   2.2399999999999962        94807360.395852387     
   2.2499999999999960        91821362.154818624     
   2.2599999999999958        127199614.76942430     
   2.2699999999999956        119862312.17921333     
   2.2799999999999954        218197529.24178025     
   2.2899999999999952        105642919.79447556     
   2.2999999999999949        130705995.06466028     
   2.3099999999999947        255483037.02246624     
   2.3199999999999945        140161361.05654353     
   2.3299999999999943        92952371.687413082     
   2.3399999999999941        134638881.68223080     
   2.3499999999999939        105799860.28004444     
   2.3599999999999937        127028021.50471288     
   2.3699999999999934        121837141.30761491     
   2.3799999999999932        123052597.26969570     
   2.3899999999999930        91322618.555604100     
   2.3999999999999928        62358101.868606105     
   2.4099999999999926        80488961.975898981     
   2.4199999999999924        62174509.310007930     
   2.4299999999999922        67546427.635947168     
   2.4399999999999920        80925119.579433188     
   2.4499999999999917        61616863.508438528     
   2.4599999999999915        51540776.667117380     
   2.4699999999999913        38392332.098111354     
   2.4799999999999911        56079879.692129008     
   2.4899999999999909        48930162.090825200     
   2.4999999999999907        42083103.684489876     
   2.5099999999999905        45118285.618448608     
   2.5199999999999902        39610869.799875624     
   2.5299999999999900        43465715.943549238     
   2.5399999999999898        50296293.680496372     
   2.5499999999999896        44723762.112390168     
   2.5599999999999894        37733176.368635520     
   2.5699999999999892        41993470.900453128     
   2.5799999999999890        35384703.508695990     
   2.5899999999999888        40846983.473629445     
   2.5999999999999885        29643819.514750663     
   2.6099999999999883        25578067.428001054     
   2.6199999999999881        34627732.149832532     
   2.6299999999999879        37307626.841004550     
   2.6399999999999877        35113443.544668995     
   2.6499999999999875        31207390.324365549     
   2.6599999999999873        32353127.702379249     
   2.6699999999999871        31277237.363640480     
   2.6799999999999868        31408012.870523844     
   2.6899999999999866        24700420.753852934     
   2.6999999999999864        24346753.617491361     
   2.7099999999999862        25490574.837382793     
   2.7199999999999860        25995731.797270034     
   2.7299999999999858        23172654.584394082     
   2.7399999999999856        25292736.212303586     
   2.7499999999999853        22600405.693509784     
   2.7599999999999851        23335660.683712989     
   2.7699999999999849        20512906.574767433     
   2.7799999999999847        28860013.029916842     
   2.7899999999999845        19405286.322002660     
   2.7999999999999843        25959572.584396500     
   2.8099999999999841        21793262.113380391     
   2.8199999999999839        19791672.503308836     
   2.8299999999999836        19222436.318443988     
   2.8399999999999834        21612561.092864968     
   2.8499999999999832        26369578.841238327     
   2.8599999999999830        21500725.862755254     
   2.8699999999999828        17848455.459246811     
   2.8799999999999826        19161473.368485585     
   2.8899999999999824        21376574.272877812     
   2.8999999999999821        19133714.342858460     
   2.9099999999999819        14869242.759575021     
   2.9199999999999817        15100714.931718953     
   2.9299999999999815        15879064.676247880     
   2.9399999999999813        19323084.325837784     
   2.9499999999999811        12419325.010619193     
   2.9599999999999809        15842345.645087255     
   2.9699999999999807        15556988.423103344     
   2.9799999999999804        13905821.000211645     
   2.9899999999999802        15254786.618073327     
   2.9999999999999800        16232386.650157347     
   3.0099999999999798        11267629.432221200     
   3.0199999999999796        12804238.700635023     
   3.0299999999999794        14649472.425209586     
   3.0399999999999792        16997705.846146073     
   3.0499999999999790        12550223.600031506     
   3.0599999999999787        13328829.622594858     
   3.0699999999999785        11464475.986855743     
   3.0799999999999783        12213452.309709305     
   3.0899999999999781        12814142.998599716     
   3.0999999999999779        10324078.575256726     
   3.1099999999999777        11538280.918256925     
   3.1199999999999775        12522604.487018246     
   3.1299999999999772        10583867.045469679     
   3.1399999999999770        11680651.303525852     
   3.1499999999999768        12571841.403524874     
   3.1599999999999766        16155942.188517002     
   3.1699999999999764        11784205.799025314     
   3.1799999999999762        11414540.444604035     
   3.1899999999999760        12748233.939960035     
   3.1999999999999758        10397990.051663896     
   3.2099999999999755        13941386.490853863     
   3.2199999999999753        10838890.807969904     
   3.2299999999999751        9365214.4156856630     
   3.2399999999999749        9687728.9827317763     
   3.2499999999999747        9887063.9275524914     
   3.2599999999999745        7588211.8518115552     
   3.2699999999999743        8444040.8304932024     
   3.2799999999999740        11179350.863645220     
   3.2899999999999738        8836468.3994678855     
   3.2999999999999736        7444407.3225703994     
   3.3099999999999734        9188710.5361973234     
   3.3199999999999732        7230321.7052209741     
   3.3299999999999730        8535590.9104876313     
   3.3399999999999728        7170432.5850973586     
   3.3499999999999726        7953629.3587385146     
   3.3599999999999723        7741208.7648892533     
   3.3699999999999721        8263603.9286107412     
   3.3799999999999719        6996268.5299445968     
   3.3899999999999717        8969737.1642668955     
   3.3999999999999715        8010258.2911057482     
   3.4099999999999713        8251583.7283704178     
   3.4199999999999711        8240048.8486477528     
   3.4299999999999708        6980243.1154110273     
   3.4399999999999706        8433201.8176745493     
   3.4499999999999704        7301199.6345624262     
   3.4599999999999702        8412483.7903049868     
   3.4699999999999700        7366008.2660597768     
   3.4799999999999698        8196392.5296988115     
   3.4899999999999696        7896198.4485306321     
   3.4999999999999694        7149772.8140099850     
   3.5099999999999691        6750853.9341923473     
   3.5199999999999689        7235148.2053754646     
   3.5299999999999687        6701268.1024107793     
   3.5399999999999685        6372761.8916123714     
   3.5499999999999683        6803796.6383889988     
   3.5599999999999681        6835227.8391978806     
   3.5699999999999679        6433027.4501277646     
   3.5799999999999677        5503400.9327733051     
   3.5899999999999674        6219842.5449070903     
   3.5999999999999672        7190407.9208826832     
   3.6099999999999670        6279666.9833896076     
   3.6199999999999668        6335805.7603764534     
   3.6299999999999666        6673976.0564260269     
   3.6399999999999664        6069837.3508856464     
   3.6499999999999662        5957946.8328892477     
   3.6599999999999659        6538010.0079055093     
   3.6699999999999657        6658580.9098987868     
   3.6799999999999655        8431202.8905834313     
   3.6899999999999653        6777079.5363520365     
   3.6999999999999651        6145464.4500221703     
   3.7099999999999649        5631020.2083875565     
   3.7199999999999647        4700866.0110257836     
   3.7299999999999645        6341402.8515967503     
   3.7399999999999642        6277746.4430081770     
   3.7499999999999640        5693146.6231304323     
   3.7599999999999638        6113217.5107165892     
   3.7699999999999636        7421048.2605453413     
   3.7799999999999634        9458343.1113523301     
   3.7899999999999632        4925214.3803164363     
   3.7999999999999630        8232902.2489235522     
   3.8099999999999627        5846860.9573398186     
   3.8199999999999625        5325847.1558017088     
   3.8299999999999623        5964328.0870005870     
   3.8399999999999621        4654864.2824415993     
   3.8499999999999619        5587542.2078316361     
   3.8599999999999617        4796282.4230597140     
   3.8699999999999615        4885529.8729875004     
   3.8799999999999613        5172399.7683885898     
   3.8899999999999610        8811105.0433890466     
   3.8999999999999608        4711632.9449983053     
   3.9099999999999606        4918634.4622482182     
   3.9199999999999604        5111887.4782827478     
   3.9299999999999602        5153122.5016843379     
   3.9399999999999600        5086707.2317385813     
   3.9499999999999598        10467126.866725642     
   3.9599999999999596        9415064.1540143527     
   3.9699999999999593        5062970.9988615662     
   3.9799999999999591        5767406.6279065451     
   3.9899999999999589        4737922.5724774320     
   3.9999999999999587        9069767.2720274739     
   4.0099999999999589        5435875.1376164518     
   4.0199999999999587        5675238.1626703674     
   4.0299999999999585        5456441.9281389080     
   4.0399999999999583        5904043.8818867700     
   4.0499999999999581        5262608.0797229018     
   4.0599999999999579        6431803.6647516554     
   4.0699999999999577        6676136.3003664855     
   4.0799999999999574        7182430.0790881431     
   4.0899999999999572        9034491.0614194125     
   4.0999999999999570        4996649.3787145298     
   4.1099999999999568        5555724.9112038165     
   4.1199999999999566        5624493.4859971367     
   4.1299999999999564        4557612.2042583507     
   4.1399999999999562        10447312.203193204     
   4.1499999999999559        5732779.2243548380     
   4.1599999999999557        8425038.8894912824     
   4.1699999999999555        7140254.3865662478     
   4.1799999999999553        4718835.5540623143     
   4.1899999999999551        4299545.1455241134     
   4.1999999999999549        5259388.8032610361     
   4.2099999999999547        5494019.7549692001     
   4.2199999999999545        4604928.0561186988     
   4.2299999999999542        8255970.5394795751     
   4.2399999999999540        5930468.1831994858     
   4.2499999999999538        10221311.764140412     
   4.2599999999999536        7203247.5185398282     
   4.2699999999999534        6487205.5403737025     
   4.2799999999999532        6859711.0695613474     
   4.2899999999999530        6743788.5964160198     
   4.2999999999999527        6627861.2423364213     
   4.3099999999999525        6493636.7137696818     
   4.3199999999999523        3835078.2605753141     
   4.3299999999999521        6962599.6933778198     
   4.3399999999999519        7461585.5846789926     
   4.3499999999999517        8892664.8917936608     
   4.3599999999999515        6729424.6795264110     
   4.3699999999999513        7398471.6836875966     
   4.3799999999999510        8267074.1212801142     
   4.3899999999999508        4776973.6018829364     
   4.3999999999999506        5269508.0277443333     
   4.4099999999999504        6957390.1907107709     
   4.4199999999999502        11344496.414831327     
   4.4299999999999500        7079575.5469903434     
   4.4399999999999498        5939845.4741320582     
   4.4499999999999496        9502333.9314463045     
   4.4599999999999493        10566703.551321687     
   4.4699999999999491        8250668.2089549955     
   4.4799999999999489        17652491.143006179     
   4.4899999999999487        6599873.8945852472     
   4.4999999999999485        8878904.3731601555     
   4.5099999999999483        8107786.6200794550     
   4.5199999999999481        15668535.920522347     
   4.5299999999999478        12359780.307331108     
   4.5399999999999476        6847400.3944788808     
   4.5499999999999474        7027687.7310908427     
   4.5599999999999472        13979249.833131587     
   4.5699999999999470        9725685.5914901365     
   4.5799999999999468        8927703.5037727728     
   4.5899999999999466        6596264.0368269356     
   4.5999999999999464        8708968.4018659070     
   4.6099999999999461        14691288.889691202     
   4.6199999999999459        13028414.097469477     
   4.6299999999999457        12159171.958302870     
   4.6399999999999455        12701686.905247957     
   4.6499999999999453        9365530.4448887203     
   4.6599999999999451        10787174.960970830     
   4.6699999999999449        6398990.2102531092     
   4.6799999999999446        6088013.4795827502     
   4.6899999999999444        11514062.758667974     
   4.6999999999999442        16622171.268371796     
   4.7099999999999440        6382044.7942825099     
   4.7199999999999438        11324548.447547061     
   4.7299999999999436        15899906.001212804     
   4.7399999999999434        10874906.433059700     
   4.7499999999999432        11194492.685107697     
   4.7599999999999429        8995123.1347947437     
   4.7699999999999427        14292208.363623992     
   4.7799999999999425        12577628.268919006     
   4.7899999999999423        15607628.989294788     
   4.7999999999999421        10970199.373798154     
   4.8099999999999419        7184583.6405118592     
   4.8199999999999417        9614844.8428425770     
   4.8299999999999415        8592314.6531654485     
   4.8399999999999412        16679226.407868519     
   4.8499999999999410        17387284.388658237     
   4.8599999999999408        17938224.802065924     
   4.8699999999999406        14879444.298968593     
   4.8799999999999404        20907053.072878040     
   4.8899999999999402        18342850.780196778     
   4.8999999999999400        21257931.045129526     
   4.9099999999999397        13421214.277227491     
   4.9199999999999395        7695143.5459213993     
   4.9299999999999393        23300082.524306759     
   4.9399999999999391        25058055.884408858     
   4.9499999999999389        13132924.542807849     
   4.9599999999999387        20679334.295494866     
   4.9699999999999385        14688690.561048636     
   4.9799999999999383        21827988.533287402     
   4.9899999999999380        25154700.307691868     
   4.9999999999999378        28591688.863694835     
