  0.10000000000000001        0.0000000000000000     
  0.11000000000000000        0.0000000000000000     
  0.12000000000000000        0.0000000000000000     
  0.13000000000000000        0.0000000000000000     
  0.14000000000000001        0.0000000000000000     
  0.15000000000000002        0.0000000000000000     
  0.16000000000000003        0.0000000000000000     
  0.17000000000000004        0.0000000000000000     
  0.18000000000000005        0.0000000000000000     
  0.19000000000000006        0.0000000000000000     
  0.20000000000000007        0.0000000000000000     
  0.21000000000000008        0.0000000000000000     
  0.22000000000000008        0.0000000000000000     
  0.23000000000000009        0.0000000000000000     
  0.24000000000000010        0.0000000000000000     
  0.25000000000000011        0.0000000000000000     
  0.26000000000000012        0.0000000000000000     
  0.27000000000000013        0.0000000000000000     
  0.28000000000000014        0.0000000000000000     
  0.29000000000000015        0.0000000000000000     
  0.30000000000000016        0.0000000000000000     
  0.31000000000000016        0.0000000000000000     
  0.32000000000000017        0.0000000000000000     
  0.33000000000000018        0.0000000000000000     
  0.34000000000000019        0.0000000000000000     
  0.35000000000000020        0.0000000000000000     
  0.36000000000000021        0.0000000000000000     
  0.37000000000000022        0.0000000000000000     
  0.38000000000000023        0.0000000000000000     
  0.39000000000000024        0.0000000000000000     
  0.40000000000000024        0.0000000000000000     
  0.41000000000000025        0.0000000000000000     
  0.42000000000000026        0.0000000000000000     
  0.43000000000000027        0.0000000000000000     
  0.44000000000000028        0.0000000000000000     
  0.45000000000000029        0.0000000000000000     
  0.46000000000000030        0.0000000000000000     
  0.47000000000000031        0.0000000000000000     
  0.48000000000000032        0.0000000000000000     
  0.49000000000000032        0.0000000000000000     
  0.50000000000000033        0.0000000000000000     
  0.51000000000000034        0.0000000000000000     
  0.52000000000000035        0.0000000000000000     
  0.53000000000000036        0.0000000000000000     
  0.54000000000000037        0.0000000000000000     
  0.55000000000000038        0.0000000000000000     
  0.56000000000000039        0.0000000000000000     
  0.57000000000000040        0.0000000000000000     
  0.58000000000000040        0.0000000000000000     
  0.59000000000000041        0.0000000000000000     
  0.60000000000000042        0.0000000000000000     
  0.61000000000000043        0.0000000000000000     
  0.62000000000000044        0.0000000000000000     
  0.63000000000000045        0.0000000000000000     
  0.64000000000000046        0.0000000000000000     
  0.65000000000000047        0.0000000000000000     
  0.66000000000000048        0.0000000000000000     
  0.67000000000000048        4.6100583194854869E-002
  0.68000000000000049        0.0000000000000000     
  0.69000000000000050        0.0000000000000000     
  0.70000000000000051        0.0000000000000000     
  0.71000000000000052        0.0000000000000000     
  0.72000000000000053        3.9920038331562796E-002
  0.73000000000000054        0.0000000000000000     
  0.74000000000000055        0.0000000000000000     
  0.75000000000000056        0.0000000000000000     
  0.76000000000000056        0.0000000000000000     
  0.77000000000000057        0.0000000000000000     
  0.78000000000000058        0.0000000000000000     
  0.79000000000000059        0.0000000000000000     
  0.80000000000000060        3.2335237181516173E-002
  0.81000000000000061        3.1541758681728628E-002
  0.82000000000000062       0.12286221344780045     
  0.83000000000000063        0.0000000000000000     
  0.84000000000000064        2.9329007753801237E-002
  0.85000000000000064        0.0000000000000000     
  0.86000000000000065       0.59325818196209301     
  0.87000000000000066       0.24508644187123307     
  0.88000000000000067        0.0000000000000000     
  0.89000000000000068        3.0982961846299180     
  0.90000000000000069       0.10199081501804838     
  0.91000000000000070       0.39744848898483920     
  0.92000000000000071        1.9488645575547598     
  0.93000000000000071       0.59339687596359159     
  0.94000000000000072        2.3000626198283087     
  0.95000000000000073        5.0157137425065041     
  0.96000000000000074        5.5771544881827593     
  0.97000000000000075        1.3879852036139775     
  0.98000000000000076        6.8439684731491335     
  0.99000000000000077        6.0983853672326722     
   1.0000000000000007        4.5266815945608938     
   1.0100000000000007        6.3511185598278450     
   1.0200000000000007        17.012422311534948     
   1.0300000000000007        6.7904061720954099     
   1.0400000000000007        8.1664932476754668     
   1.0500000000000007        18.046668998371590     
   1.0600000000000007        23.429837569146873     
   1.0700000000000007        28.228624297807492     
   1.0800000000000007        19.177392465128914     
   1.0900000000000007        22.157869469153177     
   1.1000000000000008        51.998468152721486     
   1.1100000000000008        59.619767192634896     
   1.1200000000000008        55.870072015549169     
   1.1300000000000008        72.498502861954023     
   1.1400000000000008        107.54781508974696     
   1.1500000000000008        113.47295817374538     
   1.1600000000000008        89.534924969888735     
   1.1700000000000008        126.92206297404591     
   1.1800000000000008        102.45447080094588     
   1.1900000000000008        139.12896207732433     
   1.2000000000000008        101.87510772398809     
   1.2100000000000009        128.26247481653391     
   1.2200000000000009        237.27553936295874     
   1.2300000000000009        316.56220563831232     
   1.2400000000000009        333.11006701987998     
   1.2500000000000009        624.14125494394943     
   1.2600000000000009        683.38772688792290     
   1.2700000000000009        606.81470912189900     
   1.2800000000000009        645.12126235958965     
   1.2900000000000009        859.53584492393122     
   1.3000000000000009        680.11760718478524     
   1.3100000000000009        931.74234797084330     
   1.3200000000000010        1012.3226433278093     
   1.3300000000000010        1120.7998383668992     
   1.3400000000000010        1542.6780377664927     
   1.3500000000000010        1643.0354151095298     
   1.3600000000000010        1629.0661050141398     
   1.3700000000000010        1556.9418205299469     
   1.3800000000000010        2197.7645561557283     
   1.3900000000000010        3056.2700609156291     
   1.4000000000000010        2432.3710802245992     
   1.4100000000000010        2625.5873060226877     
   1.4200000000000010        2855.4647891172376     
   1.4300000000000010        3545.0652144633159     
   1.4400000000000011        4899.9999943189150     
   1.4500000000000011        4022.8501116769512     
   1.4600000000000011        4971.0577755241538     
   1.4700000000000011        5252.7788339923882     
   1.4800000000000011        7009.3551710278125     
   1.4900000000000011        7515.5633634569613     
   1.5000000000000011        8732.0457613463477     
   1.5100000000000011        7963.5085547281369     
   1.5200000000000011        9460.2938758426280     
   1.5300000000000011        11449.503511568722     
   1.5400000000000011        9298.2709974164427     
   1.5500000000000012        13850.431292952311     
   1.5600000000000012        13443.867337291887     
   1.5700000000000012        14281.171894736915     
   1.5800000000000012        15608.217155809622     
   1.5900000000000012        18906.171106213253     
   1.6000000000000012        21480.237344023797     
   1.6100000000000012        21632.227443566248     
   1.6200000000000012        20470.207612234724     
   1.6300000000000012        21875.557617578525     
   1.6400000000000012        26754.295892116970     
   1.6500000000000012        24275.935670190913     
   1.6600000000000013        28567.547785024024     
   1.6700000000000013        41410.812097878792     
   1.6800000000000013        41803.088325632365     
   1.6900000000000013        39492.972012844628     
   1.7000000000000013        42963.784947400920     
   1.7100000000000013        46198.922994569373     
   1.7200000000000013        50691.894099921112     
   1.7300000000000013        58101.765161003510     
   1.7400000000000013        57076.824825067197     
   1.7500000000000013        56875.871983474455     
   1.7600000000000013        66431.138889394642     
   1.7700000000000014        62912.178990905486     
   1.7800000000000014        88219.139655564912     
   1.7900000000000014        86170.960831880497     
   1.8000000000000014        100180.33988695165     
   1.8100000000000014        79495.303979608027     
   1.8200000000000014        106352.36069436338     
   1.8300000000000014        130118.34713042463     
   1.8400000000000014        149511.53534726211     
   1.8500000000000014        130509.43430725251     
   1.8600000000000014        137584.15910566383     
   1.8700000000000014        142325.90487516488     
   1.8800000000000014        137774.40121967858     
   1.8900000000000015        145847.69724970727     
   1.9000000000000015        197914.52615095605     
   1.9100000000000015        187622.59814294497     
   1.9200000000000015        185119.08532096536     
   1.9300000000000015        207115.30244625275     
   1.9400000000000015        238264.87627136442     
   1.9500000000000015        245359.02845999596     
   1.9600000000000015        228554.44501183150     
   1.9700000000000015        265792.90150182066     
   1.9800000000000015        283645.32954422676     
   1.9900000000000015        295668.11668372841     
   2.0000000000000013        385157.00463505520     
   2.0100000000000011        331931.67222663999     
   2.0200000000000009        406360.95137493243     
   2.0300000000000007        359660.98440542264     
   2.0400000000000005        402602.76818814664     
   2.0500000000000003        415461.86380013067     
   2.0600000000000001        500806.25235011347     
   2.0699999999999998        488086.66509760218     
   2.0799999999999996        493346.42766660568     
   2.0899999999999994        424999.98298569687     
   2.0999999999999992        515974.36189032393     
   2.1099999999999990        525777.26151965500     
   2.1199999999999988        620574.34224443953     
   2.1299999999999986        572887.09419469291     
   2.1399999999999983        846423.21817144984     
   2.1499999999999981        758134.66869112267     
   2.1599999999999979        832492.12948949006     
   2.1699999999999977        944622.55162333464     
   2.1799999999999975        1017219.8762900935     
   2.1899999999999973        857390.06163837889     
   2.1999999999999971        896075.10370292724     
   2.2099999999999969        931043.60536829964     
   2.2199999999999966        1132818.5913286691     
   2.2299999999999964        1132100.0831134303     
   2.2399999999999962        941702.06635036867     
   2.2499999999999960        1306750.0744101286     
   2.2599999999999958        1201814.3849085809     
   2.2699999999999956        1738857.5396800758     
   2.2799999999999954        1350865.9160310759     
   2.2899999999999952        1429965.2021445965     
   2.2999999999999949        1483104.3217478350     
   2.3099999999999947        1687452.3295822591     
   2.3199999999999945        1633450.8925482791     
   2.3299999999999943        1803321.1430335969     
   2.3399999999999941        1719259.3086569069     
   2.3499999999999939        2066890.9866756301     
   2.3599999999999937        2140592.6206172262     
   2.3699999999999934        2193101.7314826278     
   2.3799999999999932        2266792.5928894589     
   2.3899999999999930        2259757.8692008154     
   2.3999999999999928        2392328.4821615033     
   2.4099999999999926        2543093.7428569188     
   2.4199999999999924        2708450.3547137529     
   2.4299999999999922        2590598.8745446736     
   2.4399999999999920        3324943.8123336062     
   2.4499999999999917        2819565.6889890507     
   2.4599999999999915        3215153.8172101234     
   2.4699999999999913        3676765.9188401313     
   2.4799999999999911        3502641.7936313739     
   2.4899999999999909        4216473.1975612966     
   2.4999999999999907        3791002.2555621685     
   2.5099999999999905        4619085.7780013885     
   2.5199999999999902        3027577.5169341648     
   2.5299999999999900        4130183.2546171397     
   2.5399999999999898        4994291.9029102437     
   2.5499999999999896        4620811.5037135510     
   2.5599999999999894        4826844.1364952186     
   2.5699999999999892        4824873.7394784372     
   2.5799999999999890        5633211.9801072851     
   2.5899999999999888        5998074.5459680930     
   2.5999999999999885        6034566.0487469761     
   2.6099999999999883        6606649.5591163402     
   2.6199999999999881        6565756.1810766263     
   2.6299999999999879        6442320.0336229568     
   2.6399999999999877        6800647.3214104390     
   2.6499999999999875        7672976.2558947057     
   2.6599999999999873        7484066.3691484509     
   2.6699999999999871        8925487.6103840973     
   2.6799999999999868        9067497.9670294970     
   2.6899999999999866        7739060.3874004213     
   2.6999999999999864        7933753.8234050339     
   2.7099999999999862        9822733.2268398851     
   2.7199999999999860        9480287.7990563475     
   2.7299999999999858        12963095.393667547     
   2.7399999999999856        11358462.983762970     
   2.7499999999999853        9486038.1897078417     
   2.7599999999999851        13977125.961756047     
   2.7699999999999849        10827216.160991101     
   2.7799999999999847        14612417.713222580     
   2.7899999999999845        11406811.149418455     
   2.7999999999999843        14501350.272304367     
   2.8099999999999841        13212808.724776203     
   2.8199999999999839        11671173.492789820     
   2.8299999999999836        17602902.658147052     
   2.8399999999999834        15956328.092149599     
   2.8499999999999832        18678265.728525154     
   2.8599999999999830        14949977.340643864     
   2.8699999999999828        17553943.935733557     
   2.8799999999999826        18882880.705479015     
   2.8899999999999824        17670798.413641971     
   2.8999999999999821        18352888.692316428     
   2.9099999999999819        19405289.046178013     
   2.9199999999999817        21600998.699529648     
   2.9299999999999815        26219200.452093851     
   2.9399999999999813        24830998.746663287     
   2.9499999999999811        24222852.869332138     
   2.9599999999999809        18727359.732586458     
   2.9699999999999807        24526797.740206547     
   2.9799999999999804        33269282.657605562     
   2.9899999999999802        22395602.112098016     
   2.9999999999999800        32683839.704816937     
   3.0099999999999798        37604962.372852728     
   3.0199999999999796        41740009.819978409     
   3.0299999999999794        34380529.111010529     
   3.0399999999999792        38011597.307266109     
   3.0499999999999790        46698794.238993965     
   3.0599999999999787        37564307.006403081     
   3.0699999999999785        43562687.230838522     
   3.0799999999999783        34525721.582680710     
   3.0899999999999781        39872319.423867747     
   3.0999999999999779        44425756.707719751     
   3.1099999999999777        46466966.024197310     
   3.1199999999999775        44508326.032750078     
   3.1299999999999772        51254313.785050839     
   3.1399999999999770        52313962.230299644     
   3.1499999999999768        50738167.701967441     
   3.1599999999999766        55826205.858304091     
   3.1699999999999764        55632974.391418427     
   3.1799999999999762        66408833.307487406     
   3.1899999999999760        70123901.573239326     
   3.1999999999999758        70725858.731557146     
   3.2099999999999755        89828998.202252641     
   3.2199999999999753        85484705.030321285     
   3.2299999999999751        75984946.191795945     
   3.2399999999999749        101686230.45869413     
   3.2499999999999747        83856498.171356216     
   3.2599999999999745        102584240.68868937     
   3.2699999999999743        125854378.89412247     
   3.2799999999999740        150178490.31619558     
   3.2899999999999738        132849542.30143254     
   3.2999999999999736        146193955.98191884     
   3.3099999999999734        97543368.616738215     
   3.3199999999999732        221616853.69992489     
   3.3299999999999730        502486472.09748113     
   3.3399999999999728        220887361.95732144     
   3.3499999999999726        180503512.66722861     
   3.3599999999999723        252799175.96352336     
   3.3699999999999721        191011035.21992850     
   3.3799999999999719        160070343.36043662     
   3.3899999999999717        167701626.57549378     
   3.3999999999999715        303394522.19014937     
   3.4099999999999713        227248102.93891424     
   3.4199999999999711        296149890.76846820     
   3.4299999999999708        343441455.61696297     
   3.4399999999999706        259334977.68160930     
   3.4499999999999704        237949300.53396726     
   3.4599999999999702        253716496.61868048     
   3.4699999999999700        433043521.96419263     
   3.4799999999999698        397967164.41549629     
   3.4899999999999696        253093225.16729882     
   3.4999999999999694        200500575.93439770     
   3.5099999999999691        489116289.06888682     
   3.5199999999999689        191131745.38493291     
   3.5299999999999687        159395549.11713946     
   3.5399999999999685        234148306.27797881     
   3.5499999999999683        237424707.41348118     
   3.5599999999999681        202498858.85656443     
   3.5699999999999679        128361795.08380321     
   3.5799999999999677        192350231.81220669     
   3.5899999999999674        168190116.88574448     
   3.5999999999999672        165534630.11454248     
   3.6099999999999670        189104890.09162176     
   3.6199999999999668        184355995.93759841     
   3.6299999999999666        157181776.01630190     
   3.6399999999999664        156957516.41901928     
   3.6499999999999662        128481465.71761382     
   3.6599999999999659        149733764.38061991     
   3.6699999999999657        116759424.51788001     
   3.6799999999999655        129688230.90881282     
   3.6899999999999653        147051429.58387318     
   3.6999999999999651        98410993.474360853     
   3.7099999999999649        145854206.34170908     
   3.7199999999999647        110007688.50690831     
   3.7299999999999645        104348145.34121707     
   3.7399999999999642        126284414.88924508     
   3.7499999999999640        109992096.90334180     
   3.7599999999999638        186912474.05828309     
   3.7699999999999636        123223022.71098377     
   3.7799999999999634        103621989.46648902     
   3.7899999999999632        111734967.01666839     
   3.7999999999999630        84123436.409474850     
   3.8099999999999627        101349194.38623957     
   3.8199999999999625        91204405.605121970     
   3.8299999999999623        104284138.79503761     
   3.8399999999999621        80952156.274877846     
   3.8499999999999619        89705954.873750940     
   3.8599999999999617        109425139.66414626     
   3.8699999999999615        85900609.975777358     
   3.8799999999999613        79269117.481675506     
   3.8899999999999610        63985556.623693481     
   3.8999999999999608        75960956.038320273     
   3.9099999999999606        69514723.161433041     
   3.9199999999999604        66076282.202705048     
   3.9299999999999602        71388399.194334939     
   3.9399999999999600        77355634.005680144     
   3.9499999999999598        61880141.005128413     
   3.9599999999999596        68670905.228446037     
   3.9699999999999593        65693579.034938537     
   3.9799999999999591        67684627.883691430     
   3.9899999999999589        75581365.319144428     
   3.9999999999999587        66915964.891525425     
   4.0099999999999589        75620761.997032985     
   4.0199999999999587        65664073.160046168     
   4.0299999999999585        71782055.809005618     
   4.0399999999999583        53138817.032142296     
   4.0499999999999581        63100179.895516805     
   4.0599999999999579        59383444.841252863     
   4.0699999999999577        63552056.419130854     
   4.0799999999999574        47415868.646857753     
   4.0899999999999572        52986009.288428776     
   4.0999999999999570        45105206.304176316     
   4.1099999999999568        60921930.980794415     
   4.1199999999999566        39804840.420363910     
   4.1299999999999564        53269703.563564986     
   4.1399999999999562        44582307.981914729     
   4.1499999999999559        51843805.968879342     
   4.1599999999999557        51671589.427209675     
   4.1699999999999555        46117856.569501132     
   4.1799999999999553        50146374.957449369     
   4.1899999999999551        46828724.588124670     
   4.1999999999999549        44641425.446081944     
   4.2099999999999547        45446892.699614085     
   4.2199999999999545        49629143.082489707     
   4.2299999999999542        49566052.944958240     
   4.2399999999999540        50791271.109721243     
   4.2499999999999538        52388047.195495717     
   4.2599999999999536        56901969.059108682     
   4.2699999999999534        53350601.283450432     
   4.2799999999999532        41800604.007224128     
   4.2899999999999530        47541101.876853794     
   4.2999999999999527        40474656.478265554     
   4.3099999999999525        50393432.073413305     
   4.3199999999999523        35550035.857207172     
   4.3299999999999521        33649541.620290160     
   4.3399999999999519        43685958.082147337     
   4.3499999999999517        34918580.641456284     
   4.3599999999999515        37750571.680499524     
   4.3699999999999513        36055524.636162154     
   4.3799999999999510        36310426.083330654     
   4.3899999999999508        43346466.756881006     
   4.3999999999999506        38470466.947390839     
   4.4099999999999504        42738143.527207159     
   4.4199999999999502        30987654.186229665     
   4.4299999999999500        35194878.911896303     
   4.4399999999999498        34627059.321409382     
   4.4499999999999496        37997014.426040992     
   4.4599999999999493        33089854.963619441     
   4.4699999999999491        31057284.523849748     
   4.4799999999999489        35203125.417691708     
   4.4899999999999487        33343406.830993090     
   4.4999999999999485        34065044.059822403     
   4.5099999999999483        34011479.139897533     
   4.5199999999999481        32710790.625335481     
   4.5299999999999478        28835263.930027153     
   4.5399999999999476        26993522.310793161     
   4.5499999999999474        33343543.586126126     
   4.5599999999999472        30700659.938967295     
   4.5699999999999470        29970168.245247893     
   4.5799999999999468        37606441.800918087     
   4.5899999999999466        27456198.554230820     
   4.5999999999999464        29299981.678305201     
   4.6099999999999461        29347768.496964205     
   4.6199999999999459        29670381.241945989     
   4.6299999999999457        25745362.868533090     
   4.6399999999999455        29959792.916704021     
   4.6499999999999453        28456290.228591155     
   4.6599999999999451        23714336.225399289     
   4.6699999999999449        25169904.639031354     
   4.6799999999999446        25690036.831189271     
   4.6899999999999444        22550926.957825709     
   4.6999999999999442        26318617.866358720     
   4.7099999999999440        22273087.172053020     
   4.7199999999999438        25426034.751218028     
   4.7299999999999436        22764662.342990227     
   4.7399999999999434        20932616.110443201     
   4.7499999999999432        19390094.627025262     
   4.7599999999999429        22824255.281350266     
   4.7699999999999427        29193469.547148529     
   4.7799999999999425        21891376.010434959     
   4.7899999999999423        23647221.342573997     
   4.7999999999999421        18555639.020565782     
   4.8099999999999419        26322941.878402200     
   4.8199999999999417        17137054.896305189     
   4.8299999999999415        25334177.199102532     
   4.8399999999999412        20097336.653200962     
   4.8499999999999410        23555284.517414942     
   4.8599999999999408        21640655.601229277     
   4.8699999999999406        21347373.896002628     
   4.8799999999999404        19610293.477570809     
   4.8899999999999402        24801915.214138344     
   4.8999999999999400        15962390.830454225     
   4.9099999999999397        26093538.908962369     
   4.9199999999999395        21151348.778104048     
   4.9299999999999393        23552089.457276404     
   4.9399999999999391        20691925.831591256     
   4.9499999999999389        20748229.047919851     
   4.9599999999999387        24064221.218199089     
   4.9699999999999385        18882651.796159059     
   4.9799999999999383        17043257.865673576     
   4.9899999999999380        21394352.550883055     
   4.9999999999999378        20707941.354855511     
