  0.10000000000000001        1.0000000000000007     
  0.20000000000000001        1.0000000000000007     
  0.30000000000000004        1.0000000000000007     
  0.40000000000000002        1.0000000000000007     
  0.50000000000000000        1.0000000000000007     
  0.59999999999999998        1.0000000000000007     
  0.69999999999999996        1.0000000000000007     
  0.79999999999999993        1.0000000000000007     
  0.89999999999999991        1.0000000000000007     
  0.99999999999999989        1.0000000000000007     
   1.0999999999999999        1.0000000000000007     
   1.2000000000000000        1.0000000000000007     
   1.3000000000000000        1.0000000000000007     
   1.4000000000000001        1.0000000000000007     
   1.5000000000000002        1.0000000000000007     
   1.6000000000000003       0.99998800000000077     
   1.7000000000000004       0.99997600000000075     
   1.8000000000000005       0.99997600000000075     
   1.9000000000000006       0.99994400000000072     
   2.0000000000000004       0.99990400000000068     
   2.1000000000000005       0.99983200000000061     
   2.2000000000000006       0.99976800000000055     
   2.3000000000000007       0.99963200000000052     
   2.4000000000000008       0.99953200000000042     
   2.5000000000000009       0.99918800000000008     
   2.6000000000000010       0.99899999999999989     
   2.7000000000000011       0.99874799999999975     
   2.8000000000000012       0.99821999999999922     
   2.9000000000000012       0.99760799999999883     
   3.0000000000000013       0.99720799999999865     
   3.1000000000000014       0.99645199999999801     
   3.2000000000000015       0.99544399999999778     
   3.3000000000000016       0.99451599999999740     
   3.4000000000000017       0.99268799999999702     
   3.5000000000000018       0.99153199999999786     
   3.6000000000000019       0.98935599999999835     
   3.7000000000000020       0.98735600000000057     
   3.8000000000000020       0.98584400000000127     
   3.9000000000000021       0.98237600000000158     
   4.0000000000000018       0.97893600000000103     
   4.1000000000000014       0.97639600000000037     
   4.2000000000000011       0.97172799999999959     
   4.3000000000000007       0.96734399999999920     
   4.4000000000000004       0.96256400000000075     
   4.5000000000000000       0.95536400000000010     
   4.5999999999999996       0.95116399999999945     
   4.6999999999999993       0.94341200000000014     
   4.7999999999999989       0.93233999999999972     
   4.8999999999999986       0.92163599999999946     
   4.9999999999999982       0.91251199999999988     
   5.0999999999999979       0.89493600000000051     
   5.1999999999999975       0.87841599999999964     
   5.2999999999999972       0.85863999999999996     
   5.3999999999999968       0.79543999999999992     
   5.4999999999999964       0.80074400000000023     
   5.5999999999999961       0.74415600000000015     
   5.6999999999999957       0.60380800000000023     
   5.7999999999999954      -0.55491999999999997     
   5.8999999999999950      -0.14982000000000001     
   5.9999999999999947      -0.27301199999999987     
   6.0999999999999943        9.7763999999999976E-002
   6.1999999999999940        2.7760000000000017E-002
   6.2999999999999936        5.5784000000000014E-002
   6.3999999999999932       -1.9039999999999984E-002
   6.4999999999999929       -3.1859999999999999E-002
   6.5999999999999925       -1.3324000000000009E-002
   6.6999999999999922        3.9936000000000013E-002
   6.7999999999999918       -6.6755999999999982E-002
   6.8999999999999915       -7.8800000000000033E-003
   6.9999999999999911       -8.9399999999999948E-003
   7.0999999999999908        1.6472000000000018E-002
   7.1999999999999904        9.5440000000000004E-003
   7.2999999999999901        9.2480000000000045E-003
   7.3999999999999897        9.7879999999999946E-003
   7.4999999999999893       -3.2439999999999991E-003
   7.5999999999999890       -5.4999999999999945E-003
   7.6999999999999886        1.4720000000000026E-003
   7.7999999999999883       -1.0360000000000007E-003
   7.8999999999999879       -2.5520000000000057E-003
   7.9999999999999876        9.7280000000000057E-003
   8.0999999999999872       -7.0359999999999963E-003
   8.1999999999999869        3.1880000000000016E-003
   8.2999999999999865       -2.2039999999999985E-003
   8.3999999999999861        7.5199999999999980E-003
   8.4999999999999858       -2.3560000000000005E-003
   8.5999999999999854        1.0395999999999999E-002
   8.6999999999999851       -4.3559999999999996E-003
   8.7999999999999847       -1.2080000000000003E-003
   8.8999999999999844       -8.1799999999999980E-003
   8.9999999999999840       -9.5199999999999961E-004
   9.0999999999999837        9.3320000000000000E-003
   9.1999999999999833       -1.8639999999999983E-003
   9.2999999999999829        8.1999999999999944E-004
   9.3999999999999826       -1.2320000000000009E-003
   9.4999999999999822       -2.2839999999999974E-003
   9.5999999999999819       -1.8159999999999947E-003
   9.6999999999999815       -2.4799999999999909E-004
   9.7999999999999812       -6.3599999999999800E-004
   9.8999999999999808       -3.0280000000000020E-003
   9.9999999999999805        9.3199999999999815E-004
