  0.10000000000000001        1.0000000000000007     
  0.20000000000000001        1.0000000000000007     
  0.30000000000000004        1.0000000000000007     
  0.40000000000000002        1.0000000000000007     
  0.50000000000000000        1.0000000000000007     
  0.59999999999999998        1.0000000000000007     
  0.69999999999999996        1.0000000000000007     
  0.79999999999999993        1.0000000000000007     
  0.89999999999999991        1.0000000000000007     
  0.99999999999999989        1.0000000000000007     
   1.0999999999999999        1.0000000000000007     
   1.2000000000000000       0.99999600000000077     
   1.3000000000000000       0.99999200000000077     
   1.4000000000000001       0.99996400000000074     
   1.5000000000000002       0.99995200000000073     
   1.6000000000000003       0.99990800000000069     
   1.7000000000000004       0.99983600000000061     
   1.8000000000000005       0.99973200000000051     
   1.9000000000000006       0.99950000000000028     
   2.0000000000000004       0.99939200000000017     
   2.1000000000000005       0.99895599999999984     
   2.2000000000000006       0.99843999999999944     
   2.3000000000000007       0.99773199999999906     
   2.4000000000000008       0.99695599999999884     
   2.5000000000000009       0.99595999999999774     
   2.6000000000000010       0.99469999999999736     
   2.7000000000000011       0.99327199999999749     
   2.8000000000000012       0.99151199999999762     
   2.9000000000000012       0.98959599999999881     
   3.0000000000000013       0.98688000000000031     
   3.1000000000000014       0.98278400000000166     
   3.2000000000000015       0.97894800000000115     
   3.3000000000000016       0.97581200000000035     
   3.4000000000000017       0.96908399999999995     
   3.5000000000000018       0.96398000000000006     
   3.6000000000000019       0.95827600000000068     
   3.7000000000000020       0.94925999999999999     
   3.8000000000000020       0.93718800000000013     
   3.9000000000000021       0.92667999999999973     
   4.0000000000000018       0.90513599999999983     
   4.1000000000000014       0.88621600000000011     
   4.2000000000000011       0.87498799999999977     
   4.3000000000000007       0.80351199999999967     
   4.4000000000000004       0.76209999999999989     
   4.5000000000000000       0.68370400000000009     
   4.5999999999999996      -0.26566000000000001     
   4.6999999999999993       0.11462000000000000     
   4.7999999999999989       0.34500799999999998     
   4.8999999999999986        5.4516000000000044E-002
   4.9999999999999982       -2.9987999999999990E-002
   5.0999999999999979        6.5920000000000006E-002
   5.1999999999999975       -4.8088000000000013E-002
   5.2999999999999972        1.1547999999999999E-002
   5.3999999999999968        3.2424000000000008E-002
   5.4999999999999964        1.0512000000000007E-002
   5.5999999999999961       -3.6399999999999974E-003
   5.6999999999999957       -6.2600000000000017E-003
   5.7999999999999954        7.0759999999999990E-003
   5.8999999999999950       -1.4188000000000011E-002
   5.9999999999999947       -1.2412000000000003E-002
   6.0999999999999943       -8.8400000000000642E-004
   6.1999999999999940        3.6279999999999997E-003
   6.2999999999999936       -9.6000000000002388E-005
   6.3999999999999932        7.8560000000000019E-003
   6.4999999999999929        6.8279999999999955E-003
   6.5999999999999925       -1.6643999999999989E-002
   6.6999999999999922        1.7919999999999995E-003
   6.7999999999999918       -1.1960000000000004E-003
   6.8999999999999915       -1.0412000000000001E-002
   6.9999999999999911        4.1199999999999993E-004
   7.0999999999999908       -6.9559999999999995E-003
   7.1999999999999904       -1.1800000000000007E-003
   7.2999999999999901        1.3891999999999998E-002
   7.3999999999999897        1.9120000000000027E-003
   7.4999999999999893        2.2720000000000006E-003
   7.5999999999999890       -7.5119999999999996E-003
   7.6999999999999886       -3.7999999999999983E-003
   7.7999999999999883        4.3000000000000009E-003
   7.8999999999999879        4.9680000000000002E-003
   7.9999999999999876        4.5920000000000015E-003
   8.0999999999999872       -7.4400000000000030E-004
   8.1999999999999869       -4.6400000000000018E-003
   8.2999999999999865        5.8399999999999891E-004
   8.3999999999999861       -2.9599999999999988E-004
   8.4999999999999858        2.1360000000000012E-003
   8.5999999999999854       -4.9520000000000015E-003
   8.6999999999999851       -5.7199999999999894E-004
   8.7999999999999847        9.8600000000000007E-003
   8.8999999999999844       -9.4000000000000008E-004
   8.9999999999999840       -4.2160000000000019E-003
   9.0999999999999837        1.2280000000000019E-003
   9.1999999999999833       -4.9119999999999997E-003
   9.2999999999999829       -4.6039999999999970E-003
   9.3999999999999826        5.4879999999999998E-003
   9.4999999999999822       -1.1360000000000005E-003
   9.5999999999999819        1.2240000000000003E-003
   9.6999999999999815       -1.7239999999999983E-003
   9.7999999999999812       -6.0400000000000015E-004
   9.8999999999999808       -8.2399999999999997E-004
   9.9999999999999805       -1.9599999999999999E-004
