  0.10000000000000001        1.0000000000000007     
  0.20000000000000001        1.0000000000000007     
  0.30000000000000004       0.99999600000000077     
  0.40000000000000002       0.99992800000000071     
  0.50000000000000000       0.99934000000000023     
  0.59999999999999998       0.99690799999999835     
  0.69999999999999996       0.99133599999999755     
  0.79999999999999993       0.98020800000000075     
  0.89999999999999991       0.95717200000000058     
  0.99999999999999989       0.91246800000000083     
   1.0999999999999999       0.78904000000000030     
   1.2000000000000000        8.8583999999999954E-002
   1.3000000000000000       -4.3199999999999862E-003
   1.4000000000000001       -9.0079999999999986E-003
   1.5000000000000002        1.2848000000000010E-002
   1.6000000000000003       -6.3600000000000002E-003
   1.7000000000000004       -1.3787999999999998E-002
   1.8000000000000005        3.9799999999999992E-003
   1.9000000000000006       -4.8839999999999995E-003
   2.0000000000000004       -4.9880000000000011E-003
   2.1000000000000005       -5.9599999999999942E-004
   2.2000000000000006       -1.6160000000000007E-003
   2.3000000000000007        2.8479999999999994E-003
   2.4000000000000008        4.9199999999999992E-004
   2.5000000000000009        1.4080000000000000E-003
   2.6000000000000010        1.6120000000000004E-003
   2.7000000000000011        7.2000000000000037E-004
   2.8000000000000012        1.2600000000000001E-003
   2.9000000000000012       -3.1999999999999943E-004
   3.0000000000000013        3.5999999999999723E-005
   3.1000000000000014        7.5200000000000071E-004
   3.2000000000000015       -2.8400000000000013E-004
   3.3000000000000016       -9.4400000000000072E-004
   3.4000000000000017       -8.9200000000000032E-004
   3.5000000000000018       -1.9879999999999989E-003
   3.6000000000000019       -5.2400000000000049E-004
   3.7000000000000020       -7.1599999999999962E-004
   3.8000000000000020       -5.9999999999999984E-004
   3.9000000000000021       -3.0399999999999969E-004
   4.0000000000000018       -1.0600000000000000E-003
   4.1000000000000014       -4.5999999999999991E-004
   4.2000000000000011        5.7200000000000003E-004
   4.3000000000000007       -1.0680000000000008E-003
   4.4000000000000004        1.0879999999999998E-003
   4.5000000000000000       -1.6800000000000023E-004
   4.5999999999999996       -9.5600000000000025E-004
   4.6999999999999993        1.6159999999999994E-003
   4.7999999999999989       -7.2799999999999991E-004
   4.8999999999999986       -1.0160000000000002E-003
   4.9999999999999982       -8.3999999999999806E-005
   5.0999999999999979        2.7199999999999984E-004
   5.1999999999999975       -5.5599999999999985E-004
   5.2999999999999972        1.3599999999999943E-004
   5.3999999999999968        9.9999999999999829E-005
   5.4999999999999964       -1.4799999999999991E-004
   5.5999999999999961       -8.0000000000000047E-005
   5.6999999999999957        2.2400000000000008E-004
   5.7999999999999954        3.9999999999999902E-005
   5.8999999999999950        4.9200000000000014E-004
   5.9999999999999947        6.0400000000000015E-004
   6.0999999999999943        6.2000000000000000E-004
   6.1999999999999940       -1.9999999999999990E-004
   6.2999999999999936        8.4000000000000172E-005
   6.3999999999999932        1.1599999999999976E-004
   6.4999999999999929        1.1359999999999999E-003
   6.5999999999999925        7.9999999999999132E-006
   6.6999999999999922       -2.5599999999999988E-004
   6.7999999999999918        4.2400000000000011E-004
   6.8999999999999915        4.6000000000000018E-004
   6.9999999999999911       -1.2000000000000036E-004
   7.0999999999999908        8.2799999999999996E-004
   7.1999999999999904        8.2799999999999942E-004
   7.2999999999999901       -3.1199999999999989E-004
   7.3999999999999897       -5.2399999999999962E-004
   7.4999999999999893       -2.7600000000000004E-004
   7.5999999999999890        7.2799999999999991E-004
   7.6999999999999886       -5.7199999999999959E-004
   7.7999999999999883       -9.9999999999999788E-005
   7.8999999999999879       -4.4000000000000331E-005
   7.9999999999999876       -4.6400000000000000E-004
   8.0999999999999872        8.3999999999999548E-005
   8.1999999999999869        2.3999999999999804E-005
   8.2999999999999865       -6.5199999999999991E-004
   8.3999999999999861        4.0000000000000007E-004
   8.4999999999999858        3.4800000000000006E-004
   8.5999999999999854        6.1199999999999991E-004
   8.6999999999999851        2.4799999999999990E-004
   8.7999999999999847       -6.6399999999999999E-004
   8.8999999999999844       -6.9200000000000056E-004
   8.9999999999999840        7.6400000000000014E-004
   9.0999999999999837       -1.2000000000000014E-004
   9.1999999999999833        8.8000000000000147E-005
   9.2999999999999829        2.3599999999999996E-004
   9.3999999999999826       -3.1599999999999987E-004
   9.4999999999999822       -2.2000000000000003E-004
   9.5999999999999819       -8.6800000000000028E-004
   9.6999999999999815       -7.0799999999999986E-004
   9.7999999999999812        2.8799999999999990E-004
   9.8999999999999808        9.4399999999999985E-004
   9.9999999999999805        4.6800000000000005E-004
